        50    -0.95018     1.00000
       100    -0.94714     1.00000
       150    -0.94793     1.00000
       200    -0.94682     1.00000
       250    -0.94770     1.00000
       300    -0.94677     1.00000
       350    -0.94765     1.00000
       400    -0.94679     1.00000
       450    -0.94767     1.00000
       500    -0.94686     1.00000
       550    -0.94776     1.00000
       600    -0.94699     1.00000
       650    -0.94793     1.00000
       700    -0.94721     1.00000
       750    -0.94819     1.00000
       800    -0.94749     1.00000
       850    -0.94850     1.00000
       900    -0.94781     1.00000
       950    -0.94883     1.00000
      1000    -0.94813     1.00000
      1050    -0.94914     1.00000
      1100    -0.94844     1.00000
      1150    -0.94945     1.00000
      1200    -0.94872     1.00000
      1250    -0.94974     1.00000
      1300    -0.94900     1.00000
      1350    -0.95002     1.00000
      1400    -0.94927     1.00000
      1450    -0.95030     1.00000
      1500    -0.94955     1.00000
      1550    -0.95059     1.00000
      1600    -0.94983     1.00000
      1650    -0.95089     1.00000
      1700    -0.95012     1.00000
      1750    -0.95120     1.00000
      1800    -0.95043     1.00000
      1850    -0.95155     1.00000
      1900    -0.95079     1.00000
      1950    -0.95194     1.00000
      2000    -0.95120     1.00000
      2050    -0.95241     1.00000
      2100    -0.95171     1.00000
      2150    -0.95302     1.00000
      2200    -0.95238     1.00000
      2250    -0.95384     1.00000
      2300    -0.95336     1.00000
      2350    -0.95509     1.00000
      2400    -0.95493     1.00000
      2450    -0.95726     1.00000
      2500    -0.95790     1.00000
      2550    -0.96179     1.00000
      2600    -0.96500     1.00000
      2650    -0.97441     1.00000
      2700    -0.98900     1.00000
      2750    -1.02832     1.00000
      2800    -1.12523     1.00000
      2850    -1.30407     1.00000
      2900    -1.31022     1.00000
      2950    -1.31134     1.00000
      3000    -1.31277     1.00000
      3050    -1.31363     1.00000
      3100    -1.31494     1.00000
      3150    -1.31573     1.00000
      3200    -1.31698     1.00000
      3250    -1.31771     1.00000
      3300    -1.31889     1.00000
      3350    -1.31954     1.00000
      3400    -1.32066     1.00000
      3450    -1.32122     1.00000
      3500    -1.32225     1.00000
      3550    -1.32271     1.00000
      3600    -1.32366     1.00000
      3650    -1.32403     1.00000
      3700    -1.32488     1.00000
      3750    -1.32517     1.00000
      3800    -1.32595     1.00000
      3850    -1.32616     1.00000
      3900    -1.32687     1.00000
      3950    -1.32701     1.00000
      4000    -1.32767     1.00000
      4050    -1.32775     1.00000
      4100    -1.32836     1.00000
      4150    -1.32839     1.00000
      4200    -1.32896     1.00000
      4250    -1.32896     1.00000
      4300    -1.32949     1.00000
      4350    -1.32945     1.00000
      4400    -1.32995     1.00000
      4450    -1.32989     1.00000
      4500    -1.33037     1.00000
      4550    -1.33028     1.00000
      4600    -1.33074     1.00000
      4650    -1.33063     1.00000
      4700    -1.33107     1.00000
      4750    -1.33095     1.00000
      4800    -1.33137     1.00000
      4850    -1.33123     1.00000
      4900    -1.33164     1.00000
      4950    -1.33150     1.00000
      5000    -1.33189     1.00000
      5050    -1.33174     1.00000
      5100    -1.33213     1.00000
      5150    -1.33196     1.00000
      5200    -1.33234     1.00000
      5250    -1.33217     1.00000
      5300    -1.33254     1.00000
      5350    -1.33236     1.00000
      5400    -1.33273     1.00000
      5450    -1.33255     1.00000
      5500    -1.33291     1.00000
      5550    -1.33272     1.00000
      5600    -1.33308     1.00000
      5650    -1.33289     1.00000
      5700    -1.33325     1.00000
      5750    -1.33305     1.00000
      5800    -1.33341     1.00000
      5850    -1.33321     1.00000
      5900    -1.33356     1.00000
      5950    -1.33336     1.00000
      6000    -1.33372     1.00000
      6050    -1.33352     1.00000
      6100    -1.33388     1.00000
      6150    -1.33367     1.00000
      6200    -1.33403     1.00000
      6250    -1.33383     1.00000
      6300    -1.33419     1.00000
      6350    -1.33399     1.00000
      6400    -1.33436     1.00000
      6450    -1.33416     1.00000
      6500    -1.33454     1.00000
      6550    -1.33435     1.00000
      6600    -1.33473     1.00000
      6650    -1.33454     1.00000
      6700    -1.33494     1.00000
      6750    -1.33476     1.00000
      6800    -1.33516     1.00000
      6850    -1.33500     1.00000
      6900    -1.33542     1.00000
      6950    -1.33526     1.00000
      7000    -1.33570     1.00000
      7050    -1.33557     1.00000
      7100    -1.33603     1.00000
      7150    -1.33592     1.00000
      7200    -1.33641     1.00000
      7250    -1.33633     1.00000
      7300    -1.33685     1.00000
      7350    -1.33680     1.00000
      7400    -1.33736     1.00000
      7450    -1.33735     1.00000
      7500    -1.33796     1.00000
      7550    -1.33799     1.00000
      7600    -1.33864     1.00000
      7650    -1.33871     1.00000
      7700    -1.33941     1.00000
      7750    -1.33953     1.00000
      7800    -1.34027     1.00000
      7850    -1.34043     1.00000
      7900    -1.34121     1.00000
      7950    -1.34141     1.00000
      8000    -1.34222     1.00000
      8050    -1.34245     1.00000
      8100    -1.34328     1.00000
      8150    -1.34353     1.00000
      8200    -1.34436     1.00000
      8250    -1.34462     1.00000
      8300    -1.34545     1.00000
      8350    -1.34571     1.00000
      8400    -1.34652     1.00000
      8450    -1.34676     1.00000
      8500    -1.34755     1.00000
      8550    -1.34777     1.00000
      8600    -1.34852     1.00000
      8650    -1.34871     1.00000
      8700    -1.34942     1.00000
      8750    -1.34957     1.00000
      8800    -1.35024     1.00000
      8850    -1.35036     1.00000
      8900    -1.35099     1.00000
      8950    -1.35108     1.00000
      9000    -1.35166     1.00000
      9050    -1.35172     1.00000
      9100    -1.35226     1.00000
      9150    -1.35230     1.00000
      9200    -1.35281     1.00000
      9250    -1.35281     1.00000
      9300    -1.35329     1.00000
      9350    -1.35327     1.00000
      9400    -1.35372     1.00000
      9450    -1.35369     1.00000
      9500    -1.35411     1.00000
      9550    -1.35405     1.00000
      9600    -1.35445     1.00000
      9650    -1.35438     1.00000
      9700    -1.35476     1.00000
      9750    -1.35468     1.00000
      9800    -1.35504     1.00000
      9850    -1.35495     1.00000
      9900    -1.35529     1.00000
      9950    -1.35519     1.00000
     10000    -1.35552     1.00000
     10050    -1.35541     1.00000
     10100    -1.35573     1.00000
     10150    -1.35561     1.00000
     10200    -1.35592     1.00000
     10250    -1.35579     1.00000
     10300    -1.35609     1.00000
     10350    -1.35596     1.00000
     10400    -1.35626     1.00000
     10450    -1.35612     1.00000
     10500    -1.35641     1.00000
     10550    -1.35627     1.00000
     10600    -1.35655     1.00000
     10650    -1.35642     1.00000
     10700    -1.35669     1.00000
     10750    -1.35655     1.00000
     10800    -1.35682     1.00000
     10850    -1.35668     1.00000
     10900    -1.35694     1.00000
     10950    -1.35680     1.00000
     11000    -1.35707     1.00000
     11050    -1.35693     1.00000
     11100    -1.35718     1.00000
     11150    -1.35704     1.00000
     11200    -1.35730     1.00000
     11250    -1.35716     1.00000
     11300    -1.35741     1.00000
     11350    -1.35727     1.00000
     11400    -1.35752     1.00000
     11450    -1.35739     1.00000
     11500    -1.35764     1.00000
     11550    -1.35750     1.00000
     11600    -1.35775     1.00000
     11650    -1.35762     1.00000
     11700    -1.35788     1.00000
     11750    -1.35775     1.00000
     11800    -1.35801     1.00000
     11850    -1.35789     1.00000
     11900    -1.35815     1.00000
     11950    -1.35805     1.00000
     12000    -1.35832     1.00000
     12050    -1.35824     1.00000
     12100    -1.35854     1.00000
     12150    -1.35850     1.00000
     12200    -1.35887     1.00000
     12250    -1.35893     1.00000
     12300    -1.35949     1.00000
     12350    -1.35997     1.00000
     12400    -1.36181     1.00000
     12450    -1.37107     1.00000
     12500    -1.46020     1.00000
     12550    -1.58358     1.00000
     12600    -1.68934     1.00000
     12650    -1.74820     1.00000
     12700    -1.77759     1.00000
     12750    -1.79370     1.00000
     12800    -1.80610     1.00000
     12850    -1.81536     1.00000
     12900    -1.82464     1.00000
     12950    -1.83200     1.00000
     13000    -1.83973     1.00000
     13050    -1.84572     1.00000
     13100    -1.85206     1.00000
     13150    -1.85678     1.00000
     13200    -1.86186     1.00000
     13250    -1.86549     1.00000
     13300    -1.86950     1.00000
     13350    -1.87224     1.00000
     13400    -1.87539     1.00000
     13450    -1.87744     1.00000
     13500    -1.87993     1.00000
     13550    -1.88147     1.00000
     13600    -1.88346     1.00000
     13650    -1.88463     1.00000
     13700    -1.88625     1.00000
     13750    -1.88715     1.00000
     13800    -1.88850     1.00000
     13850    -1.88921     1.00000
     13900    -1.89037     1.00000
     13950    -1.89094     1.00000
     14000    -1.89195     1.00000
     14050    -1.89243     1.00000
     14100    -1.89334     1.00000
     14150    -1.89376     1.00000
     14200    -1.89460     1.00000
     14250    -1.89498     1.00000
     14300    -1.89576     1.00000
     14350    -1.89611     1.00000
     14400    -1.89685     1.00000
     14450    -1.89719     1.00000
     14500    -1.89790     1.00000
     14550    -1.89823     1.00000
     14600    -1.89893     1.00000
     14650    -1.89926     1.00000
     14700    -1.89994     1.00000
     14750    -1.90027     1.00000
     14800    -1.90094     1.00000
     14850    -1.90128     1.00000
     14900    -1.90194     1.00000
     14950    -1.90229     1.00000
     15000    -1.90293     1.00000
     15050    -1.90329     1.00000
     15100    -1.90393     1.00000
     15150    -1.90429     1.00000
     15200    -1.90492     1.00000
     15250    -1.90528     1.00000
     15300    -1.90590     1.00000
     15350    -1.90627     1.00000
     15400    -1.90688     1.00000
     15450    -1.90724     1.00000
     15500    -1.90784     1.00000
     15550    -1.90820     1.00000
     15600    -1.90878     1.00000
     15650    -1.90914     1.00000
     15700    -1.90969     1.00000
     15750    -1.91005     1.00000
     15800    -1.91058     1.00000
     15850    -1.91093     1.00000
     15900    -1.91144     1.00000
     15950    -1.91178     1.00000
     16000    -1.91226     1.00000
     16050    -1.91259     1.00000
     16100    -1.91304     1.00000
     16150    -1.91335     1.00000
     16200    -1.91378     1.00000
     16250    -1.91408     1.00000
     16300    -1.91448     1.00000
     16350    -1.91477     1.00000
     16400    -1.91514     1.00000
     16450    -1.91541     1.00000
     16500    -1.91576     1.00000
     16550    -1.91602     1.00000
     16600    -1.91634     1.00000
     16650    -1.91658     1.00000
     16700    -1.91689     1.00000
     16750    -1.91711     1.00000
     16800    -1.91740     1.00000
     16850    -1.91762     1.00000
     16900    -1.91788     1.00000
     16950    -1.91809     1.00000
     17000    -1.91834     1.00000
     17050    -1.91853     1.00000
     17100    -1.91877     1.00000
     17150    -1.91896     1.00000
     17200    -1.91918     1.00000
     17250    -1.91936     1.00000
     17300    -1.91957     1.00000
     17350    -1.91975     1.00000
     17400    -1.91995     1.00000
     17450    -1.92012     1.00000
     17500    -1.92031     1.00000
     17550    -1.92048     1.00000
     17600    -1.92066     1.00000
     17650    -1.92083     1.00000
     17700    -1.92101     1.00000
     17750    -1.92118     1.00000
     17800    -1.92135     1.00000
     17850    -1.92151     1.00000
     17900    -1.92168     1.00000
     17950    -1.92185     1.00000
     18000    -1.92201     1.00000
     18050    -1.92218     1.00000
     18100    -1.92234     1.00000
     18150    -1.92251     1.00000
     18200    -1.92267     1.00000
     18250    -1.92284     1.00000
     18300    -1.92300     1.00000
     18350    -1.92317     1.00000
     18400    -1.92333     1.00000
     18450    -1.92350     1.00000
     18500    -1.92366     1.00000
     18550    -1.92384     1.00000
     18600    -1.92400     1.00000
     18650    -1.92418     1.00000
     18700    -1.92434     1.00000
     18750    -1.92453     1.00000
     18800    -1.92470     1.00000
     18850    -1.92489     1.00000
     18900    -1.92506     1.00000
     18950    -1.92525     1.00000
     19000    -1.92542     1.00000
     19050    -1.92562     1.00000
     19100    -1.92580     1.00000
     19150    -1.92601     1.00000
     19200    -1.92619     1.00000
     19250    -1.92640     1.00000
     19300    -1.92658     1.00000
     19350    -1.92680     1.00000
     19400    -1.92699     1.00000
     19450    -1.92721     1.00000
     19500    -1.92741     1.00000
     19550    -1.92764     1.00000
     19600    -1.92784     1.00000
     19650    -1.92807     1.00000
     19700    -1.92828     1.00000
     19750    -1.92851     1.00000
     19800    -1.92872     1.00000
     19850    -1.92897     1.00000
     19900    -1.92918     1.00000
     19950    -1.92943     1.00000
     20000    -1.92965     1.00000
     20050    -1.92990     1.00000
     20100    -1.93012     1.00000
     20150    -1.93037     1.00000
     20200    -1.93060     1.00000
     20250    -1.93086     1.00000
     20300    -1.93108     1.00000
     20350    -1.93134     1.00000
     20400    -1.93157     1.00000
     20450    -1.93183     1.00000
     20500    -1.93206     1.00000
     20550    -1.93232     1.00000
     20600    -1.93255     1.00000
     20650    -1.93281     1.00000
     20700    -1.93305     1.00000
     20750    -1.93330     1.00000
     20800    -1.93354     1.00000
     20850    -1.93379     1.00000
     20900    -1.93403     1.00000
     20950    -1.93428     1.00000
     21000    -1.93452     1.00000
     21050    -1.93477     1.00000
     21100    -1.93500     1.00000
     21150    -1.93525     1.00000
     21200    -1.93548     1.00000
     21250    -1.93572     1.00000
     21300    -1.93596     1.00000
     21350    -1.93620     1.00000
     21400    -1.93643     1.00000
     21450    -1.93666     1.00000
     21500    -1.93690     1.00000
     21550    -1.93713     1.00000
     21600    -1.93736     1.00000
     21650    -1.93758     1.00000
     21700    -1.93781     1.00000
     21750    -1.93804     1.00000
     21800    -1.93827     1.00000
     21850    -1.93848     1.00000
     21900    -1.93871     1.00000
     21950    -1.93893     1.00000
     22000    -1.93915     1.00000
     22050    -1.93936     1.00000
     22100    -1.93959     1.00000
     22150    -1.93979     1.00000
     22200    -1.94002     1.00000
     22250    -1.94022     1.00000
     22300    -1.94044     1.00000
     22350    -1.94064     1.00000
     22400    -1.94086     1.00000
     22450    -1.94105     1.00000
     22500    -1.94127     1.00000
     22550    -1.94146     1.00000
     22600    -1.94168     1.00000
     22650    -1.94186     1.00000
     22700    -1.94208     1.00000
     22750    -1.94226     1.00000
     22800    -1.94248     1.00000
     22850    -1.94265     1.00000
     22900    -1.94287     1.00000
     22950    -1.94304     1.00000
     23000    -1.94326     1.00000
     23050    -1.94342     1.00000
     23100    -1.94364     1.00000
     23150    -1.94380     1.00000
     23200    -1.94402     1.00000
     23250    -1.94417     1.00000
     23300    -1.94439     1.00000
     23350    -1.94454     1.00000
     23400    -1.94476     1.00000
     23450    -1.94490     1.00000
     23500    -1.94512     1.00000
     23550    -1.94526     1.00000
     23600    -1.94548     1.00000
     23650    -1.94561     1.00000
     23700    -1.94583     1.00000
     23750    -1.94596     1.00000
     23800    -1.94618     1.00000
     23850    -1.94630     1.00000
     23900    -1.94652     1.00000
     23950    -1.94664     1.00000
     24000    -1.94686     1.00000
     24050    -1.94697     1.00000
     24100    -1.94719     1.00000
     24150    -1.94730     1.00000
     24200    -1.94752     1.00000
     24250    -1.94763     1.00000
     24300    -1.94785     1.00000
     24350    -1.94795     1.00000
     24400    -1.94817     1.00000
     24450    -1.94826     1.00000
     24500    -1.94848     1.00000
     24550    -1.94858     1.00000
     24600    -1.94880     1.00000
     24650    -1.94888     1.00000
     24700    -1.94910     1.00000
     24750    -1.94919     1.00000
     24800    -1.94941     1.00000
     24850    -1.94949     1.00000
     24900    -1.94971     1.00000
     24950    -1.94978     1.00000
     25000    -1.95000     1.00000
     25050    -1.95007     1.00000
     25100    -1.95030     1.00000
     25150    -1.95036     1.00000
     25200    -1.95059     1.00000
     25250    -1.95065     1.00000
     25300    -1.95087     1.00000
     25350    -1.95093     1.00000
     25400    -1.95115     1.00000
     25450    -1.95120     1.00000
     25500    -1.95143     1.00000
     25550    -1.95148     1.00000
     25600    -1.95170     1.00000
     25650    -1.95175     1.00000
     25700    -1.95197     1.00000
     25750    -1.95201     1.00000
     25800    -1.95224     1.00000
     25850    -1.95228     1.00000
     25900    -1.95250     1.00000
     25950    -1.95254     1.00000
     26000    -1.95277     1.00000
     26050    -1.95279     1.00000
     26100    -1.95302     1.00000
     26150    -1.95305     1.00000
     26200    -1.95328     1.00000
     26250    -1.95330     1.00000
     26300    -1.95353     1.00000
     26350    -1.95354     1.00000
     26400    -1.95378     1.00000
     26450    -1.95379     1.00000
     26500    -1.95402     1.00000
     26550    -1.95403     1.00000
     26600    -1.95426     1.00000
     26650    -1.95427     1.00000
     26700    -1.95450     1.00000
     26750    -1.95450     1.00000
     26800    -1.95474     1.00000
     26850    -1.95473     1.00000
     26900    -1.95497     1.00000
     26950    -1.95496     1.00000
     27000    -1.95520     1.00000
     27050    -1.95519     1.00000
     27100    -1.95543     1.00000
     27150    -1.95542     1.00000
     27200    -1.95565     1.00000
     27250    -1.95564     1.00000
     27300    -1.95588     1.00000
     27350    -1.95586     1.00000
     27400    -1.95610     1.00000
     27450    -1.95607     1.00000
     27500    -1.95632     1.00000
     27550    -1.95629     1.00000
     27600    -1.95653     1.00000
     27650    -1.95650     1.00000
     27700    -1.95674     1.00000
     27750    -1.95671     1.00000
     27800    -1.95696     1.00000
     27850    -1.95692     1.00000
     27900    -1.95716     1.00000
     27950    -1.95712     1.00000
     28000    -1.95737     1.00000
     28050    -1.95733     1.00000
     28100    -1.95758     1.00000
     28150    -1.95753     1.00000
     28200    -1.95778     1.00000
     28250    -1.95773     1.00000
     28300    -1.95798     1.00000
     28350    -1.95793     1.00000
     28400    -1.95818     1.00000
     28450    -1.95812     1.00000
     28500    -1.95837     1.00000
     28550    -1.95831     1.00000
     28600    -1.95857     1.00000
     28650    -1.95851     1.00000
     28700    -1.95876     1.00000
     28750    -1.95869     1.00000
     28800    -1.95895     1.00000
     28850    -1.95888     1.00000
     28900    -1.95914     1.00000
     28950    -1.95907     1.00000
     29000    -1.95932     1.00000
     29050    -1.95925     1.00000
     29100    -1.95951     1.00000
     29150    -1.95943     1.00000
     29200    -1.95969     1.00000
     29250    -1.95962     1.00000
     29300    -1.95987     1.00000
     29350    -1.95979     1.00000
     29400    -1.96005     1.00000
     29450    -1.95997     1.00000
     29500    -1.96023     1.00000
     29550    -1.96015     1.00000
     29600    -1.96041     1.00000
     29650    -1.96032     1.00000
     29700    -1.96059     1.00000
     29750    -1.96050     1.00000
     29800    -1.96076     1.00000
     29850    -1.96067     1.00000
     29900    -1.96093     1.00000
     29950    -1.96084     1.00000
     30000    -1.96110     1.00000
     30050    -1.96101     1.00000
     30100    -1.96127     1.00000
     30150    -1.96117     1.00000
     30200    -1.96144     1.00000
     30250    -1.96134     1.00000
     30300    -1.96161     1.00000
     30350    -1.96150     1.00000
     30400    -1.96177     1.00000
     30450    -1.96167     1.00000
     30500    -1.96194     1.00000
     30550    -1.96183     1.00000
     30600    -1.96210     1.00000
     30650    -1.96199     1.00000
     30700    -1.96226     1.00000
     30750    -1.96215     1.00000
     30800    -1.96242     1.00000
     30850    -1.96231     1.00000
     30900    -1.96258     1.00000
     30950    -1.96247     1.00000
     31000    -1.96274     1.00000
     31050    -1.96262     1.00000
     31100    -1.96290     1.00000
     31150    -1.96278     1.00000
     31200    -1.96305     1.00000
     31250    -1.96293     1.00000
     31300    -1.96321     1.00000
     31350    -1.96309     1.00000
     31400    -1.96336     1.00000
     31450    -1.96324     1.00000
     31500    -1.96352     1.00000
     31550    -1.96339     1.00000
     31600    -1.96367     1.00000
     31650    -1.96354     1.00000
     31700    -1.96382     1.00000
     31750    -1.96369     1.00000
     31800    -1.96397     1.00000
     31850    -1.96384     1.00000
     31900    -1.96412     1.00000
     31950    -1.96398     1.00000
     32000    -1.96426     1.00000
     32050    -1.96413     1.00000
     32100    -1.96441     1.00000
     32150    -1.96428     1.00000
     32200    -1.96456     1.00000
     32250    -1.96442     1.00000
     32300    -1.96470     1.00000
     32350    -1.96456     1.00000
     32400    -1.96485     1.00000
     32450    -1.96471     1.00000
     32500    -1.96499     1.00000
     32550    -1.96485     1.00000
     32600    -1.96513     1.00000
     32650    -1.96499     1.00000
     32700    -1.96527     1.00000
     32750    -1.96513     1.00000
     32800    -1.96542     1.00000
     32850    -1.96527     1.00000
     32900    -1.96556     1.00000
     32950    -1.96541     1.00000
     33000    -1.96569     1.00000
     33050    -1.96554     1.00000
     33100    -1.96583     1.00000
     33150    -1.96568     1.00000
     33200    -1.96597     1.00000
     33250    -1.96582     1.00000
     33300    -1.96611     1.00000
     33350    -1.96595     1.00000
     33400    -1.96624     1.00000
     33450    -1.96609     1.00000
     33500    -1.96638     1.00000
     33550    -1.96622     1.00000
     33600    -1.96651     1.00000
     33650    -1.96636     1.00000
     33700    -1.96665     1.00000
     33750    -1.96649     1.00000
     33800    -1.96678     1.00000
     33850    -1.96662     1.00000
     33900    -1.96691     1.00000
     33950    -1.96675     1.00000
     34000    -1.96705     1.00000
     34050    -1.96688     1.00000
     34100    -1.96718     1.00000
     34150    -1.96701     1.00000
     34200    -1.96731     1.00000
     34250    -1.96714     1.00000
     34300    -1.96744     1.00000
     34350    -1.96727     1.00000
     34400    -1.96757     1.00000
     34450    -1.96740     1.00000
     34500    -1.96770     1.00000
     34550    -1.96753     1.00000
     34600    -1.96782     1.00000
     34650    -1.96765     1.00000
     34700    -1.96795     1.00000
     34750    -1.96778     1.00000
     34800    -1.96808     1.00000
     34850    -1.96791     1.00000
     34900    -1.96820     1.00000
     34950    -1.96803     1.00000
     35000    -1.96833     1.00000
     35050    -1.96816     1.00000
     35100    -1.96845     1.00000
     35150    -1.96828     1.00000
     35200    -1.96858     1.00000
     35250    -1.96840     1.00000
     35300    -1.96870     1.00000
     35350    -1.96853     1.00000
     35400    -1.96883     1.00000
     35450    -1.96865     1.00000
     35500    -1.96895     1.00000
     35550    -1.96877     1.00000
     35600    -1.96907     1.00000
     35650    -1.96889     1.00000
     35700    -1.96919     1.00000
     35750    -1.96901     1.00000
     35800    -1.96931     1.00000
     35850    -1.96913     1.00000
     35900    -1.96943     1.00000
     35950    -1.96925     1.00000
     36000    -1.96955     1.00000
     36050    -1.96937     1.00000
     36100    -1.96967     1.00000
     36150    -1.96949     1.00000
     36200    -1.96979     1.00000
     36250    -1.96961     1.00000
     36300    -1.96991     1.00000
     36350    -1.96972     1.00000
     36400    -1.97003     1.00000
     36450    -1.96984     1.00000
     36500    -1.97015     1.00000
     36550    -1.96996     1.00000
     36600    -1.97026     1.00000
     36650    -1.97007     1.00000
     36700    -1.97038     1.00000
     36750    -1.97019     1.00000
     36800    -1.97050     1.00000
     36850    -1.97030     1.00000
     36900    -1.97061     1.00000
     36950    -1.97042     1.00000
     37000    -1.97073     1.00000
     37050    -1.97053     1.00000
     37100    -1.97084     1.00000
     37150    -1.97065     1.00000
     37200    -1.97096     1.00000
     37250    -1.97076     1.00000
     37300    -1.97107     1.00000
     37350    -1.97087     1.00000
     37400    -1.97118     1.00000
     37450    -1.97098     1.00000
     37500    -1.97129     1.00000
     37550    -1.97109     1.00000
     37600    -1.97141     1.00000
     37650    -1.97121     1.00000
     37700    -1.97152     1.00000
     37750    -1.97132     1.00000
     37800    -1.97163     1.00000
     37850    -1.97143     1.00000
     37900    -1.97174     1.00000
     37950    -1.97154     1.00000
     38000    -1.97185     1.00000
     38050    -1.97165     1.00000
     38100    -1.97196     1.00000
     38150    -1.97176     1.00000
     38200    -1.97207     1.00000
     38250    -1.97186     1.00000
     38300    -1.97218     1.00000
     38350    -1.97197     1.00000
     38400    -1.97229     1.00000
     38450    -1.97208     1.00000
     38500    -1.97239     1.00000
     38550    -1.97219     1.00000
     38600    -1.97250     1.00000
     38650    -1.97229     1.00000
     38700    -1.97261     1.00000
     38750    -1.97240     1.00000
     38800    -1.97272     1.00000
     38850    -1.97251     1.00000
     38900    -1.97282     1.00000
     38950    -1.97261     1.00000
     39000    -1.97293     1.00000
     39050    -1.97272     1.00000
     39100    -1.97303     1.00000
     39150    -1.97282     1.00000
     39200    -1.97314     1.00000
     39250    -1.97293     1.00000
     39300    -1.97324     1.00000
     39350    -1.97303     1.00000
     39400    -1.97335     1.00000
     39450    -1.97313     1.00000
     39500    -1.97345     1.00000
     39550    -1.97324     1.00000
     39600    -1.97356     1.00000
     39650    -1.97334     1.00000
     39700    -1.97366     1.00000
     39750    -1.97344     1.00000
     39800    -1.97376     1.00000
     39850    -1.97354     1.00000
     39900    -1.97386     1.00000
     39950    -1.97364     1.00000
     40000    -1.97397     1.00000
     40050    -1.97374     1.00000
     40100    -1.97407     1.00000
     40150    -1.97385     1.00000
     40200    -1.97417     1.00000
     40250    -1.97395     1.00000
     40300    -1.97427     1.00000
     40350    -1.97405     1.00000
     40400    -1.97437     1.00000
     40450    -1.97414     1.00000
     40500    -1.97447     1.00000
     40550    -1.97424     1.00000
     40600    -1.97457     1.00000
     40650    -1.97434     1.00000
     40700    -1.97467     1.00000
     40750    -1.97444     1.00000
     40800    -1.97477     1.00000
     40850    -1.97454     1.00000
     40900    -1.97486     1.00000
     40950    -1.97464     1.00000
     41000    -1.97496     1.00000
     41050    -1.97473     1.00000
     41100    -1.97506     1.00000
     41150    -1.97483     1.00000
     41200    -1.97516     1.00000
     41250    -1.97493     1.00000
     41300    -1.97525     1.00000
     41350    -1.97502     1.00000
     41400    -1.97535     1.00000
     41450    -1.97512     1.00000
     41500    -1.97545     1.00000
     41550    -1.97521     1.00000
     41600    -1.97554     1.00000
     41650    -1.97531     1.00000
     41700    -1.97564     1.00000
     41750    -1.97540     1.00000
     41800    -1.97573     1.00000
     41850    -1.97550     1.00000
     41900    -1.97583     1.00000
     41950    -1.97559     1.00000
     42000    -1.97592     1.00000
     42050    -1.97568     1.00000
     42100    -1.97601     1.00000
     42150    -1.97578     1.00000
     42200    -1.97611     1.00000
     42250    -1.97587     1.00000
     42300    -1.97620     1.00000
     42350    -1.97596     1.00000
     42400    -1.97629     1.00000
     42450    -1.97605     1.00000
     42500    -1.97639     1.00000
     42550    -1.97615     1.00000
     42600    -1.97648     1.00000
     42650    -1.97624     1.00000
     42700    -1.97657     1.00000
     42750    -1.97633     1.00000
     42800    -1.97666     1.00000
     42850    -1.97642     1.00000
     42900    -1.97675     1.00000
     42950    -1.97651     1.00000
     43000    -1.97684     1.00000
     43050    -1.97660     1.00000
     43100    -1.97693     1.00000
     43150    -1.97669     1.00000
     43200    -1.97702     1.00000
     43250    -1.97678     1.00000
     43300    -1.97711     1.00000
     43350    -1.97687     1.00000
     43400    -1.97720     1.00000
     43450    -1.97695     1.00000
     43500    -1.97729     1.00000
     43550    -1.97704     1.00000
     43600    -1.97738     1.00000
     43650    -1.97713     1.00000
     43700    -1.97747     1.00000
     43750    -1.97722     1.00000
     43800    -1.97755     1.00000
     43850    -1.97731     1.00000
     43900    -1.97764     1.00000
     43950    -1.97739     1.00000
     44000    -1.97773     1.00000
     44050    -1.97748     1.00000
     44100    -1.97782     1.00000
     44150    -1.97756     1.00000
     44200    -1.97790     1.00000
     44250    -1.97765     1.00000
     44300    -1.97799     1.00000
     44350    -1.97774     1.00000
     44400    -1.97807     1.00000
     44450    -1.97782     1.00000
     44500    -1.97816     1.00000
     44550    -1.97791     1.00000
     44600    -1.97825     1.00000
     44650    -1.97799     1.00000
     44700    -1.97833     1.00000
     44750    -1.97808     1.00000
     44800    -1.97842     1.00000
     44850    -1.97816     1.00000
     44900    -1.97850     1.00000
     44950    -1.97824     1.00000
     45000    -1.97858     1.00000
     45050    -1.97833     1.00000
     45100    -1.97867     1.00000
     45150    -1.97841     1.00000
     45200    -1.97875     1.00000
     45250    -1.97849     1.00000
     45300    -1.97883     1.00000
     45350    -1.97857     1.00000
     45400    -1.97892     1.00000
     45450    -1.97866     1.00000
     45500    -1.97900     1.00000
     45550    -1.97874     1.00000
     45600    -1.97908     1.00000
     45650    -1.97882     1.00000
     45700    -1.97916     1.00000
     45750    -1.97890     1.00000
     45800    -1.97924     1.00000
     45850    -1.97898     1.00000
     45900    -1.97933     1.00000
     45950    -1.97906     1.00000
     46000    -1.97941     1.00000
     46050    -1.97914     1.00000
     46100    -1.97949     1.00000
     46150    -1.97922     1.00000
     46200    -1.97957     1.00000
     46250    -1.97930     1.00000
     46300    -1.97965     1.00000
     46350    -1.97938     1.00000
     46400    -1.97973     1.00000
     46450    -1.97946     1.00000
     46500    -1.97981     1.00000
     46550    -1.97954     1.00000
     46600    -1.97989     1.00000
     46650    -1.97962     1.00000
     46700    -1.97997     1.00000
     46750    -1.97970     1.00000
     46800    -1.98004     1.00000
     46850    -1.97977     1.00000
     46900    -1.98012     1.00000
     46950    -1.97985     1.00000
     47000    -1.98020     1.00000
     47050    -1.97993     1.00000
     47100    -1.98028     1.00000
     47150    -1.98001     1.00000
     47200    -1.98036     1.00000
     47250    -1.98008     1.00000
     47300    -1.98043     1.00000
     47350    -1.98016     1.00000
     47400    -1.98051     1.00000
     47450    -1.98024     1.00000
     47500    -1.98059     1.00000
     47550    -1.98031     1.00000
     47600    -1.98066     1.00000
     47650    -1.98039     1.00000
     47700    -1.98074     1.00000
     47750    -1.98046     1.00000
     47800    -1.98082     1.00000
     47850    -1.98054     1.00000
     47900    -1.98089     1.00000
     47950    -1.98061     1.00000
     48000    -1.98097     1.00000
     48050    -1.98069     1.00000
     48100    -1.98104     1.00000
     48150    -1.98076     1.00000
     48200    -1.98112     1.00000
     48250    -1.98084     1.00000
     48300    -1.98119     1.00000
     48350    -1.98091     1.00000
     48400    -1.98127     1.00000
     48450    -1.98098     1.00000
     48500    -1.98134     1.00000
     48550    -1.98106     1.00000
     48600    -1.98141     1.00000
     48650    -1.98113     1.00000
     48700    -1.98149     1.00000
     48750    -1.98120     1.00000
     48800    -1.98156     1.00000
     48850    -1.98128     1.00000
     48900    -1.98163     1.00000
     48950    -1.98135     1.00000
     49000    -1.98171     1.00000
     49050    -1.98142     1.00000
     49100    -1.98178     1.00000
     49150    -1.98149     1.00000
     49200    -1.98185     1.00000
     49250    -1.98156     1.00000
     49300    -1.98192     1.00000
     49350    -1.98163     1.00000
     49400    -1.98199     1.00000
     49450    -1.98171     1.00000
     49500    -1.98207     1.00000
     49550    -1.98178     1.00000
     49600    -1.98214     1.00000
     49650    -1.98185     1.00000
     49700    -1.98221     1.00000
     49750    -1.98192     1.00000
     49800    -1.98228     1.00000
     49850    -1.98199     1.00000
     49900    -1.98235     1.00000
     49950    -1.98206     1.00000
     50000    -1.98242     1.00000
     50050    -1.98213     1.00000
     50100    -1.98249     1.00000
     50150    -1.98220     1.00000
     50200    -1.98256     1.00000
     50250    -1.98227     1.00000
     50300    -1.98263     1.00000
     50350    -1.98234     1.00000
     50400    -1.98270     1.00000
     50450    -1.98240     1.00000
     50500    -1.98277     1.00000
     50550    -1.98247     1.00000
     50600    -1.98284     1.00000
     50650    -1.98254     1.00000
     50700    -1.98291     1.00000
     50750    -1.98261     1.00000
     50800    -1.98297     1.00000
     50850    -1.98268     1.00000
     50900    -1.98304     1.00000
     50950    -1.98274     1.00000
     51000    -1.98311     1.00000
     51050    -1.98281     1.00000
     51100    -1.98318     1.00000
     51150    -1.98288     1.00000
     51200    -1.98325     1.00000
     51250    -1.98295     1.00000
     51300    -1.98331     1.00000
     51350    -1.98301     1.00000
     51400    -1.98338     1.00000
     51450    -1.98308     1.00000
     51500    -1.98345     1.00000
     51550    -1.98315     1.00000
     51600    -1.98352     1.00000
     51650    -1.98321     1.00000
     51700    -1.98358     1.00000
     51750    -1.98328     1.00000
     51800    -1.98365     1.00000
     51850    -1.98334     1.00000
     51900    -1.98371     1.00000
     51950    -1.98341     1.00000
     52000    -1.98378     1.00000
     52050    -1.98347     1.00000
     52100    -1.98385     1.00000
     52150    -1.98354     1.00000
     52200    -1.98391     1.00000
     52250    -1.98360     1.00000
     52300    -1.98398     1.00000
     52350    -1.98367     1.00000
     52400    -1.98404     1.00000
     52450    -1.98373     1.00000
     52500    -1.98411     1.00000
     52550    -1.98380     1.00000
     52600    -1.98417     1.00000
     52650    -1.98386     1.00000
     52700    -1.98424     1.00000
     52750    -1.98393     1.00000
     52800    -1.98430     1.00000
     52850    -1.98399     1.00000
     52900    -1.98437     1.00000
     52950    -1.98405     1.00000
     53000    -1.98443     1.00000
     53050    -1.98412     1.00000
     53100    -1.98449     1.00000
     53150    -1.98418     1.00000
     53200    -1.98456     1.00000
     53250    -1.98424     1.00000
     53300    -1.98462     1.00000
     53350    -1.98431     1.00000
     53400    -1.98468     1.00000
     53450    -1.98437     1.00000
     53500    -1.98475     1.00000
     53550    -1.98443     1.00000
     53600    -1.98481     1.00000
     53650    -1.98449     1.00000
     53700    -1.98487     1.00000
     53750    -1.98456     1.00000
     53800    -1.98494     1.00000
     53850    -1.98462     1.00000
     53900    -1.98500     1.00000
     53950    -1.98468     1.00000
     54000    -1.98506     1.00000
     54050    -1.98474     1.00000
     54100    -1.98512     1.00000
     54150    -1.98480     1.00000
     54200    -1.98518     1.00000
     54250    -1.98486     1.00000
     54300    -1.98525     1.00000
     54350    -1.98492     1.00000
     54400    -1.98531     1.00000
     54450    -1.98499     1.00000
     54500    -1.98537     1.00000
     54550    -1.98505     1.00000
     54600    -1.98543     1.00000
     54650    -1.98511     1.00000
     54700    -1.98549     1.00000
     54750    -1.98517     1.00000
     54800    -1.98555     1.00000
     54850    -1.98523     1.00000
     54900    -1.98561     1.00000
     54950    -1.98529     1.00000
     55000    -1.98567     1.00000
     55050    -1.98535     1.00000
     55100    -1.98573     1.00000
     55150    -1.98541     1.00000
     55200    -1.98579     1.00000
     55250    -1.98547     1.00000
     55300    -1.98585     1.00000
     55350    -1.98553     1.00000
     55400    -1.98591     1.00000
     55450    -1.98558     1.00000
     55500    -1.98597     1.00000
     55550    -1.98564     1.00000
     55600    -1.98603     1.00000
     55650    -1.98570     1.00000
     55700    -1.98609     1.00000
     55750    -1.98576     1.00000
     55800    -1.98615     1.00000
     55850    -1.98582     1.00000
     55900    -1.98621     1.00000
     55950    -1.98588     1.00000
     56000    -1.98627     1.00000
     56050    -1.98594     1.00000
     56100    -1.98633     1.00000
     56150    -1.98599     1.00000
     56200    -1.98639     1.00000
     56250    -1.98605     1.00000
     56300    -1.98644     1.00000
     56350    -1.98611     1.00000
     56400    -1.98650     1.00000
     56450    -1.98617     1.00000
     56500    -1.98656     1.00000
     56550    -1.98623     1.00000
     56600    -1.98662     1.00000
     56650    -1.98628     1.00000
     56700    -1.98668     1.00000
     56750    -1.98634     1.00000
     56800    -1.98673     1.00000
     56850    -1.98640     1.00000
     56900    -1.98679     1.00000
     56950    -1.98645     1.00000
     57000    -1.98685     1.00000
     57050    -1.98651     1.00000
     57100    -1.98691     1.00000
     57150    -1.98657     1.00000
     57200    -1.98696     1.00000
     57250    -1.98662     1.00000
     57300    -1.98702     1.00000
     57350    -1.98668     1.00000
     57400    -1.98708     1.00000
     57450    -1.98674     1.00000
     57500    -1.98713     1.00000
     57550    -1.98679     1.00000
     57600    -1.98719     1.00000
     57650    -1.98685     1.00000
     57700    -1.98725     1.00000
     57750    -1.98691     1.00000
     57800    -1.98730     1.00000
     57850    -1.98696     1.00000
     57900    -1.98736     1.00000
     57950    -1.98702     1.00000
     58000    -1.98742     1.00000
     58050    -1.98707     1.00000
     58100    -1.98747     1.00000
     58150    -1.98713     1.00000
     58200    -1.98753     1.00000
     58250    -1.98718     1.00000
     58300    -1.98758     1.00000
     58350    -1.98724     1.00000
     58400    -1.98764     1.00000
     58450    -1.98729     1.00000
     58500    -1.98769     1.00000
     58550    -1.98735     1.00000
     58600    -1.98775     1.00000
     58650    -1.98740     1.00000
     58700    -1.98780     1.00000
     58750    -1.98746     1.00000
     58800    -1.98786     1.00000
     58850    -1.98751     1.00000
     58900    -1.98792     1.00000
     58950    -1.98757     1.00000
     59000    -1.98797     1.00000
     59050    -1.98762     1.00000
     59100    -1.98802     1.00000
     59150    -1.98768     1.00000
     59200    -1.98808     1.00000
     59250    -1.98773     1.00000
     59300    -1.98813     1.00000
     59350    -1.98778     1.00000
     59400    -1.98819     1.00000
     59450    -1.98784     1.00000
     59500    -1.98824     1.00000
     59550    -1.98789     1.00000
     59600    -1.98830     1.00000
     59650    -1.98794     1.00000
     59700    -1.98835     1.00000
     59750    -1.98800     1.00000
     59800    -1.98841     1.00000
     59850    -1.98805     1.00000
     59900    -1.98846     1.00000
     59950    -1.98810     1.00000
     60000    -1.98851     1.00000
     60050    -1.98816     1.00000
     60100    -1.98857     1.00000
     60150    -1.98821     1.00000
     60200    -1.98862     1.00000
     60250    -1.98826     1.00000
     60300    -1.98867     1.00000
     60350    -1.98832     1.00000
     60400    -1.98873     1.00000
     60450    -1.98837     1.00000
     60500    -1.98878     1.00000
     60550    -1.98842     1.00000
     60600    -1.98883     1.00000
     60650    -1.98848     1.00000
     60700    -1.98889     1.00000
     60750    -1.98853     1.00000
     60800    -1.98894     1.00000
     60850    -1.98858     1.00000
     60900    -1.98899     1.00000
     60950    -1.98863     1.00000
     61000    -1.98905     1.00000
     61050    -1.98869     1.00000
     61100    -1.98910     1.00000
     61150    -1.98874     1.00000
     61200    -1.98915     1.00000
     61250    -1.98879     1.00000
     61300    -1.98920     1.00000
     61350    -1.98884     1.00000
     61400    -1.98926     1.00000
     61450    -1.98889     1.00000
     61500    -1.98931     1.00000
     61550    -1.98895     1.00000
     61600    -1.98936     1.00000
     61650    -1.98900     1.00000
     61700    -1.98941     1.00000
     61750    -1.98905     1.00000
     61800    -1.98946     1.00000
     61850    -1.98910     1.00000
     61900    -1.98952     1.00000
     61950    -1.98915     1.00000
     62000    -1.98957     1.00000
     62050    -1.98920     1.00000
     62100    -1.98962     1.00000
     62150    -1.98925     1.00000
     62200    -1.98967     1.00000
     62250    -1.98931     1.00000
     62300    -1.98972     1.00000
     62350    -1.98936     1.00000
     62400    -1.98978     1.00000
     62450    -1.98941     1.00000
     62500    -1.98983     1.00000
     62550    -1.98946     1.00000
     62600    -1.98988     1.00000
     62650    -1.98951     1.00000
     62700    -1.98993     1.00000
     62750    -1.98956     1.00000
     62800    -1.98998     1.00000
     62850    -1.98961     1.00000
     62900    -1.99003     1.00000
     62950    -1.98966     1.00000
     63000    -1.99008     1.00000
     63050    -1.98971     1.00000
     63100    -1.99014     1.00000
     63150    -1.98976     1.00000
     63200    -1.99019     1.00000
     63250    -1.98981     1.00000
     63300    -1.99024     1.00000
     63350    -1.98986     1.00000
     63400    -1.99029     1.00000
     63450    -1.98992     1.00000
     63500    -1.99034     1.00000
     63550    -1.98997     1.00000
     63600    -1.99039     1.00000
     63650    -1.99002     1.00000
     63700    -1.99044     1.00000
     63750    -1.99007     1.00000
     63800    -1.99049     1.00000
     63850    -1.99012     1.00000
     63900    -1.99054     1.00000
     63950    -1.99017     1.00000
     64000    -1.99059     1.00000
     64050    -1.99022     1.00000
     64100    -1.99064     1.00000
     64150    -1.99027     1.00000
     64200    -1.99069     1.00000
     64250    -1.99032     1.00000
     64300    -1.99074     1.00000
     64350    -1.99037     1.00000
     64400    -1.99079     1.00000
     64450    -1.99042     1.00000
     64500    -1.99084     1.00000
     64550    -1.99047     1.00000
     64600    -1.99089     1.00000
     64650    -1.99052     1.00000
     64700    -1.99094     1.00000
     64750    -1.99057     1.00000
     64800    -1.99099     1.00000
     64850    -1.99061     1.00000
     64900    -1.99104     1.00000
     64950    -1.99066     1.00000
     65000    -1.99109     1.00000
     65050    -1.99071     1.00000
     65100    -1.99114     1.00000
     65150    -1.99076     1.00000
     65200    -1.99119     1.00000
     65250    -1.99081     1.00000
     65300    -1.99124     1.00000
     65350    -1.99086     1.00000
     65400    -1.99129     1.00000
     65450    -1.99091     1.00000
     65500    -1.99134     1.00000
     65550    -1.99096     1.00000
     65600    -1.99139     1.00000
     65650    -1.99101     1.00000
     65700    -1.99144     1.00000
     65750    -1.99106     1.00000
     65800    -1.99149     1.00000
     65850    -1.99111     1.00000
     65900    -1.99154     1.00000
     65950    -1.99116     1.00000
     66000    -1.99159     1.00000
     66050    -1.99121     1.00000
     66100    -1.99164     1.00000
     66150    -1.99126     1.00000
     66200    -1.99169     1.00000
     66250    -1.99131     1.00000
     66300    -1.99174     1.00000
     66350    -1.99135     1.00000
     66400    -1.99179     1.00000
     66450    -1.99140     1.00000
     66500    -1.99184     1.00000
     66550    -1.99145     1.00000
     66600    -1.99189     1.00000
     66650    -1.99150     1.00000
     66700    -1.99194     1.00000
     66750    -1.99155     1.00000
     66800    -1.99199     1.00000
     66850    -1.99160     1.00000
     66900    -1.99204     1.00000
     66950    -1.99165     1.00000
     67000    -1.99209     1.00000
     67050    -1.99170     1.00000
     67100    -1.99214     1.00000
     67150    -1.99175     1.00000
     67200    -1.99219     1.00000
     67250    -1.99180     1.00000
     67300    -1.99224     1.00000
     67350    -1.99184     1.00000
     67400    -1.99228     1.00000
     67450    -1.99189     1.00000
     67500    -1.99233     1.00000
     67550    -1.99194     1.00000
     67600    -1.99238     1.00000
     67650    -1.99199     1.00000
     67700    -1.99243     1.00000
     67750    -1.99204     1.00000
     67800    -1.99248     1.00000
     67850    -1.99209     1.00000
     67900    -1.99253     1.00000
     67950    -1.99214     1.00000
     68000    -1.99258     1.00000
     68050    -1.99219     1.00000
     68100    -1.99263     1.00000
     68150    -1.99223     1.00000
     68200    -1.99268     1.00000
     68250    -1.99228     1.00000
     68300    -1.99273     1.00000
     68350    -1.99233     1.00000
     68400    -1.99278     1.00000
     68450    -1.99238     1.00000
     68500    -1.99283     1.00000
     68550    -1.99243     1.00000
     68600    -1.99288     1.00000
     68650    -1.99248     1.00000
     68700    -1.99292     1.00000
     68750    -1.99253     1.00000
     68800    -1.99297     1.00000
     68850    -1.99258     1.00000
     68900    -1.99302     1.00000
     68950    -1.99262     1.00000
     69000    -1.99307     1.00000
     69050    -1.99267     1.00000
     69100    -1.99312     1.00000
     69150    -1.99272     1.00000
     69200    -1.99317     1.00000
     69250    -1.99277     1.00000
     69300    -1.99322     1.00000
     69350    -1.99282     1.00000
     69400    -1.99327     1.00000
     69450    -1.99287     1.00000
     69500    -1.99332     1.00000
     69550    -1.99292     1.00000
     69600    -1.99337     1.00000
     69650    -1.99297     1.00000
     69700    -1.99342     1.00000
     69750    -1.99302     1.00000
     69800    -1.99347     1.00000
     69850    -1.99307     1.00000
     69900    -1.99352     1.00000
     69950    -1.99311     1.00000
     70000    -1.99357     1.00000
     70050    -1.99316     1.00000
     70100    -1.99361     1.00000
     70150    -1.99321     1.00000
     70200    -1.99366     1.00000
     70250    -1.99326     1.00000
     70300    -1.99371     1.00000
     70350    -1.99331     1.00000
     70400    -1.99376     1.00000
     70450    -1.99336     1.00000
     70500    -1.99381     1.00000
     70550    -1.99341     1.00000
     70600    -1.99386     1.00000
     70650    -1.99346     1.00000
     70700    -1.99391     1.00000
     70750    -1.99351     1.00000
     70800    -1.99396     1.00000
     70850    -1.99356     1.00000
     70900    -1.99401     1.00000
     70950    -1.99361     1.00000
     71000    -1.99406     1.00000
     71050    -1.99366     1.00000
     71100    -1.99411     1.00000
     71150    -1.99371     1.00000
     71200    -1.99416     1.00000
     71250    -1.99375     1.00000
     71300    -1.99421     1.00000
     71350    -1.99380     1.00000
     71400    -1.99426     1.00000
     71450    -1.99385     1.00000
     71500    -1.99431     1.00000
     71550    -1.99390     1.00000
     71600    -1.99436     1.00000
     71650    -1.99395     1.00000
     71700    -1.99441     1.00000
     71750    -1.99400     1.00000
     71800    -1.99446     1.00000
     71850    -1.99405     1.00000
     71900    -1.99451     1.00000
     71950    -1.99410     1.00000
     72000    -1.99456     1.00000
     72050    -1.99415     1.00000
     72100    -1.99461     1.00000
     72150    -1.99420     1.00000
     72200    -1.99466     1.00000
     72250    -1.99425     1.00000
     72300    -1.99472     1.00000
     72350    -1.99431     1.00000
     72400    -1.99477     1.00000
     72450    -1.99436     1.00000
     72500    -1.99482     1.00000
     72550    -1.99441     1.00000
     72600    -1.99487     1.00000
     72650    -1.99446     1.00000
     72700    -1.99492     1.00000
     72750    -1.99451     1.00000
     72800    -1.99497     1.00000
     72850    -1.99456     1.00000
     72900    -1.99502     1.00000
     72950    -1.99461     1.00000
     73000    -1.99507     1.00000
     73050    -1.99466     1.00000
     73100    -1.99512     1.00000
     73150    -1.99471     1.00000
     73200    -1.99518     1.00000
     73250    -1.99476     1.00000
     73300    -1.99523     1.00000
     73350    -1.99482     1.00000
     73400    -1.99528     1.00000
     73450    -1.99487     1.00000
     73500    -1.99533     1.00000
     73550    -1.99492     1.00000
     73600    -1.99538     1.00000
     73650    -1.99497     1.00000
     73700    -1.99544     1.00000
     73750    -1.99502     1.00000
     73800    -1.99549     1.00000
     73850    -1.99507     1.00000
     73900    -1.99554     1.00000
     73950    -1.99513     1.00000
     74000    -1.99559     1.00000
     74050    -1.99518     1.00000
     74100    -1.99565     1.00000
     74150    -1.99523     1.00000
     74200    -1.99570     1.00000
     74250    -1.99528     1.00000
     74300    -1.99575     1.00000
     74350    -1.99534     1.00000
     74400    -1.99581     1.00000
     74450    -1.99539     1.00000
     74500    -1.99586     1.00000
     74550    -1.99544     1.00000
     74600    -1.99591     1.00000
     74650    -1.99550     1.00000
     74700    -1.99597     1.00000
     74750    -1.99555     1.00000
     74800    -1.99602     1.00000
     74850    -1.99561     1.00000
     74900    -1.99608     1.00000
     74950    -1.99566     1.00000
     75000    -1.99613     1.00000
     75050    -1.99571     1.00000
     75100    -1.99618     1.00000
     75150    -1.99577     1.00000
     75200    -1.99624     1.00000
     75250    -1.99582     1.00000
     75300    -1.99629     1.00000
     75350    -1.99588     1.00000
     75400    -1.99635     1.00000
     75450    -1.99593     1.00000
     75500    -1.99641     1.00000
     75550    -1.99599     1.00000
     75600    -1.99646     1.00000
     75650    -1.99605     1.00000
     75700    -1.99652     1.00000
     75750    -1.99610     1.00000
     75800    -1.99657     1.00000
     75850    -1.99616     1.00000
     75900    -1.99663     1.00000
     75950    -1.99621     1.00000
     76000    -1.99669     1.00000
     76050    -1.99627     1.00000
     76100    -1.99674     1.00000
     76150    -1.99633     1.00000
     76200    -1.99680     1.00000
     76250    -1.99639     1.00000
     76300    -1.99686     1.00000
     76350    -1.99644     1.00000
     76400    -1.99692     1.00000
     76450    -1.99650     1.00000
     76500    -1.99698     1.00000
     76550    -1.99656     1.00000
     76600    -1.99704     1.00000
     76650    -1.99662     1.00000
     76700    -1.99709     1.00000
     76750    -1.99668     1.00000
     76800    -1.99715     1.00000
     76850    -1.99674     1.00000
     76900    -1.99721     1.00000
     76950    -1.99680     1.00000
     77000    -1.99727     1.00000
     77050    -1.99686     1.00000
     77100    -1.99733     1.00000
     77150    -1.99692     1.00000
     77200    -1.99740     1.00000
     77250    -1.99698     1.00000
     77300    -1.99746     1.00000
     77350    -1.99704     1.00000
     77400    -1.99752     1.00000
     77450    -1.99710     1.00000
     77500    -1.99758     1.00000
     77550    -1.99716     1.00000
     77600    -1.99764     1.00000
     77650    -1.99723     1.00000
     77700    -1.99771     1.00000
     77750    -1.99729     1.00000
     77800    -1.99777     1.00000
     77850    -1.99735     1.00000
     77900    -1.99783     1.00000
     77950    -1.99742     1.00000
     78000    -1.99790     1.00000
     78050    -1.99748     1.00000
     78100    -1.99796     1.00000
     78150    -1.99755     1.00000
     78200    -1.99803     1.00000
     78250    -1.99762     1.00000
     78300    -1.99810     1.00000
     78350    -1.99768     1.00000
     78400    -1.99816     1.00000
     78450    -1.99775     1.00000
     78500    -1.99823     1.00000
     78550    -1.99782     1.00000
     78600    -1.99830     1.00000
     78650    -1.99788     1.00000
     78700    -1.99837     1.00000
     78750    -1.99795     1.00000
     78800    -1.99844     1.00000
     78850    -1.99802     1.00000
     78900    -1.99851     1.00000
     78950    -1.99809     1.00000
     79000    -1.99858     1.00000
     79050    -1.99817     1.00000
     79100    -1.99865     1.00000
     79150    -1.99824     1.00000
     79200    -1.99872     1.00000
     79250    -1.99831     1.00000
     79300    -1.99879     1.00000
     79350    -1.99838     1.00000
     79400    -1.99887     1.00000
     79450    -1.99846     1.00000
     79500    -1.99894     1.00000
     79550    -1.99853     1.00000
     79600    -1.99902     1.00000
     79650    -1.99861     1.00000
     79700    -1.99909     1.00000
     79750    -1.99869     1.00000
     79800    -1.99917     1.00000
     79850    -1.99876     1.00000
     79900    -1.99925     1.00000
     79950    -1.99884     1.00000
     80000    -1.99933     1.00000
     80050    -1.99892     1.00000
     80100    -1.99941     1.00000
     80150    -1.99900     1.00000
     80200    -1.99949     1.00000
     80250    -1.99908     1.00000
     80300    -1.99957     1.00000
     80350    -1.99917     1.00000
     80400    -1.99965     1.00000
     80450    -1.99925     1.00000
     80500    -1.99974     1.00000
     80550    -1.99934     1.00000
     80600    -1.99982     1.00000
     80650    -1.99942     1.00000
     80700    -1.99991     1.00000
     80750    -1.99951     1.00000
     80800    -2.00000     1.00000
     80850    -1.99960     1.00000
     80900    -2.00009     1.00000
     80950    -1.99969     1.00000
     81000    -2.00018     1.00000
     81050    -1.99978     1.00000
     81100    -2.00027     1.00000
     81150    -1.99988     1.00000
     81200    -2.00036     1.00000
     81250    -1.99997     1.00000
     81300    -2.00046     1.00000
     81350    -2.00007     1.00000
     81400    -2.00056     1.00000
     81450    -2.00017     1.00000
     81500    -2.00066     1.00000
     81550    -2.00027     1.00000
     81600    -2.00076     1.00000
     81650    -2.00037     1.00000
     81700    -2.00086     1.00000
     81750    -2.00047     1.00000
     81800    -2.00096     1.00000
     81850    -2.00058     1.00000
     81900    -2.00107     1.00000
     81950    -2.00068     1.00000
     82000    -2.00117     1.00000
     82050    -2.00079     1.00000
     82100    -2.00128     1.00000
     82150    -2.00090     1.00000
     82200    -2.00139     1.00000
     82250    -2.00102     1.00000
     82300    -2.00151     1.00000
     82350    -2.00113     1.00000
     82400    -2.00162     1.00000
     82450    -2.00125     1.00000
     82500    -2.00174     1.00000
     82550    -2.00137     1.00000
     82600    -2.00186     1.00000
     82650    -2.00149     1.00000
     82700    -2.00198     1.00000
     82750    -2.00162     1.00000
     82800    -2.00211     1.00000
     82850    -2.00174     1.00000
     82900    -2.00223     1.00000
     82950    -2.00187     1.00000
     83000    -2.00236     1.00000
     83050    -2.00200     1.00000
     83100    -2.00250     1.00000
     83150    -2.00214     1.00000
     83200    -2.00263     1.00000
     83250    -2.00228     1.00000
     83300    -2.00277     1.00000
     83350    -2.00242     1.00000
     83400    -2.00291     1.00000
     83450    -2.00256     1.00000
     83500    -2.00306     1.00000
     83550    -2.00271     1.00000
     83600    -2.00320     1.00000
     83650    -2.00286     1.00000
     83700    -2.00335     1.00000
     83750    -2.00301     1.00000
     83800    -2.00351     1.00000
     83850    -2.00317     1.00000
     83900    -2.00366     1.00000
     83950    -2.00333     1.00000
     84000    -2.00383     1.00000
     84050    -2.00350     1.00000
     84100    -2.00399     1.00000
     84150    -2.00366     1.00000
     84200    -2.00416     1.00000
     84250    -2.00383     1.00000
     84300    -2.00433     1.00000
     84350    -2.00401     1.00000
     84400    -2.00450     1.00000
     84450    -2.00419     1.00000
     84500    -2.00468     1.00000
     84550    -2.00437     1.00000
     84600    -2.00486     1.00000
     84650    -2.00456     1.00000
     84700    -2.00505     1.00000
     84750    -2.00475     1.00000
     84800    -2.00524     1.00000
     84850    -2.00494     1.00000
     84900    -2.00543     1.00000
     84950    -2.00514     1.00000
     85000    -2.00563     1.00000
     85050    -2.00534     1.00000
     85100    -2.00583     1.00000
     85150    -2.00555     1.00000
     85200    -2.00604     1.00000
     85250    -2.00576     1.00000
     85300    -2.00625     1.00000
     85350    -2.00597     1.00000
     85400    -2.00646     1.00000
     85450    -2.00619     1.00000
     85500    -2.00668     1.00000
     85550    -2.00641     1.00000
     85600    -2.00690     1.00000
     85650    -2.00664     1.00000
     85700    -2.00713     1.00000
     85750    -2.00687     1.00000
     85800    -2.00736     1.00000
     85850    -2.00710     1.00000
     85900    -2.00759     1.00000
     85950    -2.00734     1.00000
     86000    -2.00782     1.00000
     86050    -2.00758     1.00000
     86100    -2.00806     1.00000
     86150    -2.00782     1.00000
     86200    -2.00831     1.00000
     86250    -2.00807     1.00000
     86300    -2.00855     1.00000
     86350    -2.00832     1.00000
     86400    -2.00880     1.00000
     86450    -2.00857     1.00000
     86500    -2.00905     1.00000
     86550    -2.00883     1.00000
     86600    -2.00930     1.00000
     86650    -2.00908     1.00000
     86700    -2.00956     1.00000
     86750    -2.00934     1.00000
     86800    -2.00982     1.00000
     86850    -2.00960     1.00000
     86900    -2.01007     1.00000
     86950    -2.00986     1.00000
     87000    -2.01033     1.00000
     87050    -2.01013     1.00000
     87100    -2.01059     1.00000
     87150    -2.01039     1.00000
     87200    -2.01086     1.00000
     87250    -2.01065     1.00000
     87300    -2.01112     1.00000
     87350    -2.01092     1.00000
     87400    -2.01138     1.00000
     87450    -2.01118     1.00000
     87500    -2.01164     1.00000
     87550    -2.01144     1.00000
     87600    -2.01190     1.00000
     87650    -2.01171     1.00000
     87700    -2.01216     1.00000
     87750    -2.01197     1.00000
     87800    -2.01241     1.00000
     87850    -2.01223     1.00000
     87900    -2.01267     1.00000
     87950    -2.01248     1.00000
     88000    -2.01292     1.00000
     88050    -2.01274     1.00000
     88100    -2.01317     1.00000
     88150    -2.01299     1.00000
     88200    -2.01342     1.00000
     88250    -2.01324     1.00000
     88300    -2.01367     1.00000
     88350    -2.01348     1.00000
     88400    -2.01391     1.00000
     88450    -2.01372     1.00000
     88500    -2.01415     1.00000
     88550    -2.01396     1.00000
     88600    -2.01438     1.00000
     88650    -2.01419     1.00000
     88700    -2.01461     1.00000
     88750    -2.01442     1.00000
     88800    -2.01484     1.00000
     88850    -2.01465     1.00000
     88900    -2.01506     1.00000
     88950    -2.01487     1.00000
     89000    -2.01528     1.00000
     89050    -2.01509     1.00000
     89100    -2.01549     1.00000
     89150    -2.01530     1.00000
     89200    -2.01570     1.00000
     89250    -2.01551     1.00000
     89300    -2.01591     1.00000
     89350    -2.01571     1.00000
     89400    -2.01611     1.00000
     89450    -2.01591     1.00000
     89500    -2.01630     1.00000
     89550    -2.01610     1.00000
     89600    -2.01649     1.00000
     89650    -2.01629     1.00000
     89700    -2.01668     1.00000
     89750    -2.01647     1.00000
     89800    -2.01686     1.00000
     89850    -2.01665     1.00000
     89900    -2.01704     1.00000
     89950    -2.01683     1.00000
     90000    -2.01721     1.00000
     90050    -2.01700     1.00000
     90100    -2.01738     1.00000
     90150    -2.01717     1.00000
     90200    -2.01755     1.00000
     90250    -2.01733     1.00000
     90300    -2.01771     1.00000
     90350    -2.01749     1.00000
     90400    -2.01787     1.00000
     90450    -2.01765     1.00000
     90500    -2.01802     1.00000
     90550    -2.01780     1.00000
     90600    -2.01817     1.00000
     90650    -2.01795     1.00000
     90700    -2.01832     1.00000
     90750    -2.01810     1.00000
     90800    -2.01847     1.00000
     90850    -2.01824     1.00000
     90900    -2.01861     1.00000
     90950    -2.01838     1.00000
     91000    -2.01875     1.00000
     91050    -2.01852     1.00000
     91100    -2.01889     1.00000
     91150    -2.01866     1.00000
     91200    -2.01902     1.00000
     91250    -2.01879     1.00000
     91300    -2.01915     1.00000
     91350    -2.01892     1.00000
     91400    -2.01928     1.00000
     91450    -2.01905     1.00000
     91500    -2.01941     1.00000
     91550    -2.01917     1.00000
     91600    -2.01954     1.00000
     91650    -2.01930     1.00000
     91700    -2.01966     1.00000
     91750    -2.01942     1.00000
     91800    -2.01979     1.00000
     91850    -2.01954     1.00000
     91900    -2.01991     1.00000
     91950    -2.01966     1.00000
     92000    -2.02003     1.00000
     92050    -2.01978     1.00000
     92100    -2.02014     1.00000
     92150    -2.01990     1.00000
     92200    -2.02026     1.00000
     92250    -2.02001     1.00000
     92300    -2.02038     1.00000
     92350    -2.02013     1.00000
     92400    -2.02049     1.00000
     92450    -2.02024     1.00000
     92500    -2.02060     1.00000
     92550    -2.02035     1.00000
     92600    -2.02071     1.00000
     92650    -2.02046     1.00000
     92700    -2.02082     1.00000
     92750    -2.02057     1.00000
     92800    -2.02093     1.00000
     92850    -2.02068     1.00000
     92900    -2.02104     1.00000
     92950    -2.02079     1.00000
     93000    -2.02115     1.00000
     93050    -2.02089     1.00000
     93100    -2.02126     1.00000
     93150    -2.02100     1.00000
     93200    -2.02136     1.00000
     93250    -2.02110     1.00000
     93300    -2.02146     1.00000
     93350    -2.02121     1.00000
     93400    -2.02157     1.00000
     93450    -2.02131     1.00000
     93500    -2.02167     1.00000
     93550    -2.02141     1.00000
     93600    -2.02177     1.00000
     93650    -2.02151     1.00000
     93700    -2.02187     1.00000
     93750    -2.02161     1.00000
     93800    -2.02197     1.00000
     93850    -2.02171     1.00000
     93900    -2.02207     1.00000
     93950    -2.02181     1.00000
     94000    -2.02217     1.00000
     94050    -2.02191     1.00000
     94100    -2.02227     1.00000
     94150    -2.02201     1.00000
     94200    -2.02237     1.00000
     94250    -2.02210     1.00000
     94300    -2.02246     1.00000
     94350    -2.02220     1.00000
     94400    -2.02256     1.00000
     94450    -2.02230     1.00000
     94500    -2.02265     1.00000
     94550    -2.02239     1.00000
     94600    -2.02275     1.00000
     94650    -2.02248     1.00000
     94700    -2.02284     1.00000
     94750    -2.02258     1.00000
     94800    -2.02294     1.00000
     94850    -2.02267     1.00000
     94900    -2.02303     1.00000
     94950    -2.02276     1.00000
     95000    -2.02312     1.00000
     95050    -2.02285     1.00000
     95100    -2.02321     1.00000
     95150    -2.02294     1.00000
     95200    -2.02330     1.00000
     95250    -2.02303     1.00000
     95300    -2.02339     1.00000
     95350    -2.02312     1.00000
     95400    -2.02348     1.00000
     95450    -2.02321     1.00000
     95500    -2.02357     1.00000
     95550    -2.02330     1.00000
     95600    -2.02366     1.00000
     95650    -2.02339     1.00000
     95700    -2.02374     1.00000
     95750    -2.02348     1.00000
     95800    -2.02383     1.00000
     95850    -2.02356     1.00000
     95900    -2.02392     1.00000
     95950    -2.02365     1.00000
     96000    -2.02400     1.00000
     96050    -2.02373     1.00000
     96100    -2.02409     1.00000
     96150    -2.02382     1.00000
     96200    -2.02417     1.00000
     96250    -2.02390     1.00000
     96300    -2.02426     1.00000
     96350    -2.02399     1.00000
     96400    -2.02434     1.00000
     96450    -2.02407     1.00000
     96500    -2.02442     1.00000
     96550    -2.02415     1.00000
     96600    -2.02450     1.00000
     96650    -2.02423     1.00000
     96700    -2.02459     1.00000
     96750    -2.02431     1.00000
     96800    -2.02467     1.00000
     96850    -2.02440     1.00000
     96900    -2.02475     1.00000
     96950    -2.02448     1.00000
     97000    -2.02483     1.00000
     97050    -2.02456     1.00000
     97100    -2.02491     1.00000
     97150    -2.02463     1.00000
     97200    -2.02499     1.00000
     97250    -2.02471     1.00000
     97300    -2.02506     1.00000
     97350    -2.02479     1.00000
     97400    -2.02514     1.00000
     97450    -2.02487     1.00000
     97500    -2.02522     1.00000
     97550    -2.02495     1.00000
     97600    -2.02530     1.00000
     97650    -2.02502     1.00000
     97700    -2.02537     1.00000
     97750    -2.02510     1.00000
     97800    -2.02545     1.00000
     97850    -2.02518     1.00000
     97900    -2.02553     1.00000
     97950    -2.02525     1.00000
     98000    -2.02560     1.00000
     98050    -2.02533     1.00000
     98100    -2.02567     1.00000
     98150    -2.02540     1.00000
     98200    -2.02575     1.00000
     98250    -2.02548     1.00000
     98300    -2.02582     1.00000
     98350    -2.02555     1.00000
     98400    -2.02590     1.00000
     98450    -2.02562     1.00000
     98500    -2.02597     1.00000
     98550    -2.02570     1.00000
     98600    -2.02604     1.00000
     98650    -2.02577     1.00000
     98700    -2.02611     1.00000
     98750    -2.02584     1.00000
     98800    -2.02619     1.00000
     98850    -2.02591     1.00000
     98900    -2.02626     1.00000
     98950    -2.02598     1.00000
     99000    -2.02633     1.00000
     99050    -2.02605     1.00000
     99100    -2.02640     1.00000
     99150    -2.02613     1.00000
     99200    -2.02647     1.00000
     99250    -2.02620     1.00000
     99300    -2.02654     1.00000
     99350    -2.02627     1.00000
     99400    -2.02661     1.00000
     99450    -2.02633     1.00000
     99500    -2.02668     1.00000
     99550    -2.02640     1.00000
     99600    -2.02675     1.00000
     99650    -2.02647     1.00000
     99700    -2.02681     1.00000
     99750    -2.02654     1.00000
     99800    -2.02688     1.00000
     99850    -2.02661     1.00000
     99900    -2.02695     1.00000
     99950    -2.02668     1.00000
    100000    -2.02702     1.00000
