b	i	j	k	px	py	pz	nVx	nVy	nVz	velx	vely	velz	rho	p	u	v	w	mp	fx	fy	fz
0	1	4	1	-8.552790e-02	-1.087182e-02	-1.314604e-01	-6.054626e-06	-2.786842e-05	-1.050729e-05	0.000000e+00	0.000000e+00	0.000000e+00	9.982000e+02	3.625327e+04	3.788190e+00	-3.252030e+00	6.442464e+00	-5.212389e-04	-2.218713e-04	-1.010457e-03	-3.849702e-04	
0	1	4	2	-9.562026e-02	-1.085150e-02	-1.256888e-01	-1.791745e-05	-8.236027e-05	-3.102221e-05	0.000000e+00	0.000000e+00	0.000000e+00	9.982000e+02	3.865977e+04	3.087176e+00	-3.163456e+00	6.615543e+00	-8.373479e-04	-6.965210e-04	-3.187128e-03	-1.207020e-03	
0	1	4	3	-1.108092e-01	-1.082095e-02	-1.170019e-01	-1.880353e-05	-8.652919e-05	-3.259041e-05	0.000000e+00	0.000000e+00	0.000000e+00	9.982000e+02	3.563527e+04	2.524048e+00	-3.223643e+00	7.102650e+00	-6.065686e-04	-6.728095e-04	-3.087098e-03	-1.167776e-03	
0	1	4	4	-1.262277e-01	-1.079366e-02	-1.081768e-01	-1.932115e-05	-8.901669e-05	-3.347504e-05	0.000000e+00	0.000000e+00	0.000000e+00	9.982000e+02	3.274303e+04	2.360934e+00	-3.327842e+00	7.486698e+00	-1.022578e-04	-6.340157e-04	-2.919591e-03	-1.098818e-03	
0	1	4	5	-1.417014e-01	-1.077522e-02	-9.928934e-02	-1.975103e-05	-9.084152e-05	-3.417892e-05	0.000000e+00	0.000000e+00	0.000000e+00	9.982000e+02	2.918112e+04	2.466201e+00	-3.501876e+00	7.882220e+00	-2.281699e-03	-5.830185e-04	-2.647704e-03	-1.017168e-03	
0	1	4	6	-1.571276e-01	-1.076668e-02	-9.040351e-02	-1.988433e-05	-9.147841e-05	-3.445499e-05	0.000000e+00	0.000000e+00	0.000000e+00	9.982000e+02	2.648391e+04	2.786323e+00	-3.650229e+00	8.083384e+00	-3.061672e-03	-5.281309e-04	-2.379484e-03	-9.251102e-04	
0	1	4	7	-1.722064e-01	-1.075752e-02	-8.172417e-02	-1.933784e-05	-8.899693e-05	-3.349592e-05	0.000000e+00	0.000000e+00	0.000000e+00	9.982000e+02	2.092303e+04	3.699158e+00	-3.873772e+00	8.156817e+00	-3.736679e-03	-4.019816e-04	-1.772389e-03	-7.028320e-04	
0	1	4	8	-1.821176e-01	-1.074580e-02	-7.603224e-02	-6.614029e-06	-3.041660e-05	-1.144734e-05	0.000000e+00	0.000000e+00	0.000000e+00	9.982000e+02	2.126234e+04	4.365422e+00	-3.928185e+00	7.915290e+00	-3.964005e-05	-1.405743e-04	-6.455273e-04	-2.433156e-04	
0	2	4	1	-8.806544e-02	-8.816607e-03	-1.354655e-01	-6.160430e-06	-2.854633e-05	-1.070315e-05	0.000000e+00	0.000000e+00	0.000000e+00	9.982000e+02	3.493307e+04	3.803765e+00	-3.256756e+00	6.496745e+00	-4.584608e-04	-2.173358e-04	-9.975225e-04	-3.775485e-04	
0	2	4	2	-9.820049e-02	-8.756383e-03	-1.297738e-01	-1.832407e-05	-8.456432e-05	-3.169853e-05	0.000000e+00	0.000000e+00	0.000000e+00	9.982000e+02	3.789812e+04	3.105845e+00	-3.173459e+00	6.670648e+00	-5.908924e-04	-6.975377e-04	-3.208735e-03	-1.207428e-03	
0	2	4	3	-1.134413e-01	-8.675187e-03	-1.211899e-01	-1.913479e-05	-8.836522e-05	-3.317493e-05	0.000000e+00	0.000000e+00	0.000000e+00	9.982000e+02	3.513243e+04	2.642451e+00	-3.240154e+00	7.106394e+00	-1.433822e-04	-6.738435e-04	-3.109618e-03	-1.168638e-03	
0	2	4	4	-1.288411e-01	-8.606034e-03	-1.124905e-01	-1.950053e-05	-9.001615e-05	-3.379968e-05	0.000000e+00	0.000000e+00	0.000000e+00	9.982000e+02	3.225628e+04	2.554013e+00	-3.363710e+00	7.484793e+00	-2.067411e-03	-6.354259e-04	-2.901914e-03	-1.107698e-03	
0	2	4	5	-1.442592e-01	-8.551205e-03	-1.037326e-01	-1.991169e-05	-9.187717e-05	-3.444610e-05	0.000000e+00	0.000000e+00	0.000000e+00	9.982000e+02	2.928738e+04	2.680732e+00	-3.527191e+00	7.858377e+00	-2.680551e-03	-5.888812e-04	-2.674754e-03	-1.027380e-03	
0	2	4	6	-1.596889e-01	-8.511272e-03	-9.492704e-02	-2.013232e-05	-9.303233e-05	-3.488314e-05	0.000000e+00	0.000000e+00	0.000000e+00	9.982000e+02	2.664862e+04	2.999173e+00	-3.658700e+00	8.026718e+00	-2.913455e-03	-5.374645e-04	-2.432811e-03	-9.395175e-04	
0	2	4	7	-1.748468e-01	-8.477442e-03	-8.626770e-02	-1.966746e-05	-9.080547e-05	-3.406683e-05	0.000000e+00	0.000000e+00	0.000000e+00	9.982000e+02	2.106949e+04	3.837900e+00	-3.872520e+00	8.106545e+00	-3.182217e-03	-4.126912e-04	-1.837015e-03	-7.194863e-04	
0	2	4	8	-1.848311e-01	-8.452980e-03	-8.056611e-02	-6.740234e-06	-3.106877e-05	-1.165382e-05	0.000000e+00	0.000000e+00	0.000000e+00	9.982000e+02	2.198103e+04	4.383318e+00	-3.908240e+00	7.884076e+00	-3.327530e-05	-1.484571e-04	-6.835059e-04	-2.566915e-04	
0	3	4	1	-9.064889e-02	-6.709919e-03	-1.395939e-01	-6.319640e-06	-2.918832e-05	-1.094861e-05	0.000000e+00	0.000000e+00	0.000000e+00	9.982000e+02	3.389462e+04	3.818756e+00	-3.321679e+00	6.651166e+00	-3.861702e-04	-2.160640e-04	-9.898321e-04	-3.743391e-04	
0	3	4	2	-1.007978e-01	-6.612847e-03	-1.339901e-01	-1.872651e-05	-8.643025e-05	-3.240948e-05	0.000000e+00	0.000000e+00	0.000000e+00	9.982000e+02	3.694732e+04	3.153902e+00	-3.224246e+00	6.776129e+00	-4.128876e-04	-6.944462e-04	-3.197794e-03	-1.202405e-03	
0	3	4	3	-1.160834e-01	-6.485137e-03	-1.255037e-01	-1.958230e-05	-9.052124e-05	-3.392923e-05	0.000000e+00	0.000000e+00	0.000000e+00	9.982000e+02	3.462218e+04	2.729712e+00	-3.282144e+00	7.181115e+00	-2.877403e-04	-6.799912e-04	-3.138749e-03	-1.178892e-03	
0	3	4	4	-1.315215e-01	-6.378447e-03	-1.168806e-01	-1.983838e-05	-9.171255e-05	-3.439197e-05	0.000000e+00	0.000000e+00	0.000000e+00	9.982000e+02	3.149185e+04	2.668979e+00	-3.416984e+00	7.572468e+00	-2.281745e-03	-6.310288e-04	-2.881366e-03	-1.100689e-03	
0	3	4	5	-1.469221e-01	-6.292871e-03	-1.082175e-01	-2.014370e-05	-9.299048e-05	-3.486005e-05	0.000000e+00	0.000000e+00	0.000000e+00	9.982000e+02	2.865071e+04	2.799389e+00	-3.562542e+00	7.885602e+00	-2.604214e-03	-5.814021e-04	-2.641153e-03	-1.014088e-03	
0	3	4	6	-1.623274e-01	-6.225672e-03	-9.949915e-02	-2.040774e-05	-9.426315e-05	-3.535085e-05	0.000000e+00	0.000000e+00	0.000000e+00	9.982000e+02	2.639716e+04	3.113804e+00	-3.679000e+00	8.012494e+00	-2.781648e-03	-5.391906e-04	-2.440458e-03	-9.412944e-04	
0	3	4	7	-1.775241e-01	-6.168794e-03	-9.087786e-02	-2.001043e-05	-9.245501e-05	-3.466235e-05	0.000000e+00	0.000000e+00	0.000000e+00	9.982000e+02	2.134919e+04	3.894992e+00	-3.868890e+00	8.070941e+00	-2.895548e-03	-4.261272e-04	-1.905782e-03	-7.419815e-04	
0	3	4	8	-1.875666e-01	-6.132280e-03	-8.517628e-02	-6.866609e-06	-3.172558e-05	-1.188213e-05	0.000000e+00	0.000000e+00	0.000000e+00	9.982000e+02	2.298394e+04	4.352743e+00	-3.868893e+00	7.814612e+00	-8.194556e-05	-1.585696e-04	-7.306743e-04	-2.744156e-04	
0	4	4	1	-9.325729e-02	-4.551533e-03	-1.438610e-01	-6.462675e-06	-2.999664e-05	-1.117457e-05	0.000000e+00	0.000000e+00	0.000000e+00	9.982000e+02	3.271488e+04	3.828872e+00	-3.358837e+00	6.801970e+00	-3.533594e-04	-2.131612e-04	-9.819222e-04	-3.686399e-04	
0	4	4	2	-1.034295e-01	-4.422815e-03	-1.383307e-01	-1.903176e-05	-8.850198e-05	-3.296055e-05	0.000000e+00	0.000000e+00	0.000000e+00	9.982000e+02	3.585912e+04	3.212787e+00	-3.257277e+00	6.890980e+00	-3.566805e-04	-6.848404e-04	-3.178163e-03	-1.186529e-03	
0	4	4	3	-1.187412e-01	-4.254901e-03	-1.299427e-01	-1.985385e-05	-9.247252e-05	-3.439972e-05	0.000000e+00	0.000000e+00	0.000000e+00	9.982000e+02	3.392865e+04	2.838352e+00	-3.305409e+00	7.247363e+00	-6.939200e-04	-6.768007e-04	-3.140834e-03	-1.174276e-03	
0	4	4	4	-1.342178e-01	-4.115460e-03	-1.213876e-01	-2.011388e-05	-9.383029e-05	-3.486844e-05	0.000000e+00	0.000000e+00	0.000000e+00	9.982000e+02	3.070327e+04	2.815549e+00	-3.442274e+00	7.638942e+00	-2.037751e-03	-6.235483e-04	-2.875095e-03	-1.086583e-03	
0	4	4	5	-1.496478e-01	-4.003174e-03	-1.127808e-01	-2.032514e-05	-9.474862e-05	-3.516867e-05	0.000000e+00	0.000000e+00	0.000000e+00	9.982000e+02	2.822799e+04	2.951956e+00	-3.569432e+00	7.910445e+00	-2.363525e-03	-5.773008e-04	-2.650307e-03	-1.005540e-03	
0	4	4	6	-1.650456e-01	-3.912737e-03	-1.041293e-01	-2.052027e-05	-9.574096e-05	-3.553629e-05	0.000000e+00	0.000000e+00	0.000000e+00	9.982000e+02	2.625782e+04	3.246519e+00	-3.663753e+00	7.996103e+00	-2.632674e-03	-5.391427e-04	-2.466101e-03	-9.399266e-04	
0	4	4	7	-1.802488e-01	-3.836408e-03	-9.555654e-02	-2.016928e-05	-9.409013e-05	-3.493355e-05	0.000000e+00	0.000000e+00	0.000000e+00	9.982000e+02	2.154951e+04	3.953691e+00	-3.830777e+00	8.035119e+00	-2.737250e-03	-4.335071e-04	-1.961554e-03	-7.540952e-04	
0	4	4	8	-1.903248e-01	-3.789455e-03	-8.986815e-02	-6.928079e-06	-3.238593e-05	-1.202104e-05	0.000000e+00	0.000000e+00	0.000000e+00	9.982000e+02	2.354215e+04	4.311130e+00	-3.802162e+00	7.758786e+00	-1.169189e-04	-1.638885e-04	-7.633172e-04	-2.843988e-04	
0	5	4	1	-9.589103e-02	-2.353368e-03	-1.482838e-01	-6.558571e-06	-3.091151e-05	-1.134318e-05	0.000000e+00	0.000000e+00	0.000000e+00	9.982000e+02	3.194350e+04	3.843633e+00	-3.359039e+00	6.931413e+00	-3.579358e-04	-2.112587e-04	-9.880030e-04	-3.654778e-04	
0	5	4	2	-1.060931e-01	-2.198863e-03	-1.428118e-01	-1.927133e-05	-9.102996e-05	-3.337163e-05	0.000000e+00	0.000000e+00	0.000000e+00	9.982000e+02	3.503607e+04	3.273865e+00	-3.258911e+00	6.998965e+00	-3.882594e-04	-6.776822e-04	-3.193818e-03	-1.174041e-03	
0	5	4	3	-1.214355e-01	-1.998051e-03	-1.345022e-01	-2.000483e-05	-9.463317e-05	-3.465922e-05	0.000000e+00	0.000000e+00	0.000000e+00	9.982000e+02	3.319294e+04	2.932327e+00	-3.302060e+00	7.323412e+00	-1.049111e-03	-6.682953e-04	-3.143361e-03	-1.160207e-03	
0	5	4	4	-1.369318e-01	-1.831790e-03	-1.260153e-01	-2.021687e-05	-9.578631e-05	-3.505155e-05	0.000000e+00	0.000000e+00	0.000000e+00	9.982000e+02	2.997694e+04	2.931735e+00	-3.439296e+00	7.707705e+00	-1.901425e-03	-6.115532e-04	-2.864588e-03	-1.065296e-03	
0	5	4	5	-1.523937e-01	-1.697754e-03	-1.174568e-01	-2.041107e-05	-9.676331e-05	-3.533170e-05	0.000000e+00	0.000000e+00	0.000000e+00	9.982000e+02	2.772671e+04	3.076855e+00	-3.545530e+00	7.932687e+00	-2.224296e-03	-5.687351e-04	-2.655967e-03	-9.902911e-04	
0	5	4	6	-1.678164e-01	-1.588501e-03	-1.088471e-01	-2.053440e-05	-9.749478e-05	-3.555034e-05	0.000000e+00	0.000000e+00	0.000000e+00	9.982000e+02	2.609582e+04	3.358707e+00	-3.620681e+00	7.989471e+00	-2.465314e-03	-5.350191e-04	-2.492106e-03	-9.316241e-04	
0	5	4	7	-1.830253e-01	-1.496327e-03	-1.003166e-01	-2.014596e-05	-9.577540e-05	-3.489003e-05	0.000000e+00	0.000000e+00	0.000000e+00	9.982000e+02	2.193668e+04	3.999340e+00	-3.760696e+00	8.014084e+00	-2.575002e-03	-4.402814e-04	-2.034667e-03	-7.653107e-04	
0	5	4	8	-1.931105e-01	-1.440916e-03	-9.464916e-02	-6.929382e-06	-3.301490e-05	-1.203099e-05	0.000000e+00	0.000000e+00	0.000000e+00	9.982000e+02	2.409794e+04	4.292587e+00	-3.721278e+00	7.739398e+00	-2.370428e-04	-1.670845e-04	-7.903534e-04	-2.901648e-04	
0	6	4	1	-9.856375e-02	-1.290674e-04	-1.528642e-01	-6.612143e-06	-3.181105e-05	-1.143046e-05	0.000000e+00	0.000000e+00	0.000000e+00	9.982000e+02	3.110645e+04	3.855044e+00	-3.330192e+00	7.037930e+00	-3.387344e-04	-2.073585e-04	-9.901873e-04	-3.585889e-04	
0	6	4	2	-1.087894e-01	4.468087e-05	-1.474439e-01	-1.935979e-05	-9.356190e-05	-3.354833e-05	0.000000e+00	0.000000e+00	0.000000e+00	9.982000e+02	3.416329e+04	3.337291e+00	-3.233213e+00	7.091152e+00	-3.511594e-04	-6.637606e-04	-3.201010e-03	-1.150682e-03	
0	6	4	3	-1.241668e-01	2.703746e-04	-1.391982e-01	-2.004780e-05	-9.721977e-05	-3.472141e-05	0.000000e+00	0.000000e+00	0.000000e+00	9.982000e+02	3.251036e+04	3.028340e+00	-3.268047e+00	7.401980e+00	-1.204940e-03	-6.565882e-04	-3.162423e-03	-1.139770e-03	
0	6	4	4	-1.396860e-01	4.564863e-04	-1.307634e-01	-2.016792e-05	-9.809775e-05	-3.496272e-05	0.000000e+00	0.000000e+00	0.000000e+00	9.982000e+02	2.938991e+04	3.042784e+00	-3.394301e+00	7.768464e+00	-1.798660e-03	-5.974436e-04	-2.873297e-03	-1.040210e-03	
0	6	4	5	-1.551634e-01	6.065705e-04	-1.222509e-01	-2.031749e-05	-9.888088e-05	-3.517525e-05	0.000000e+00	0.000000e+00	0.000000e+00	9.982000e+02	2.740540e+04	3.199171e+00	-3.486090e+00	7.951856e+00	-2.110695e-03	-5.587736e-04	-2.679279e-03	-9.724943e-04	
0	6	4	6	-1.706104e-01	7.299638e-04	-1.136750e-01	-2.042284e-05	-9.950743e-05	-3.535196e-05	0.000000e+00	0.000000e+00	0.000000e+00	9.982000e+02	2.589661e+04	3.463018e+00	-3.551144e+00	7.995045e+00	-2.351922e-03	-5.268488e-04	-2.519094e-03	-9.166866e-04	
0	6	4	7	-1.858394e-01	8.338485e-04	-1.051737e-01	-1.996947e-05	-9.751255e-05	-3.459835e-05	0.000000e+00	0.000000e+00	0.000000e+00	9.982000e+02	2.214935e+04	4.041511e+00	-3.668959e+00	8.007975e+00	-2.450641e-03	-4.390595e-04	-2.086785e-03	-7.631654e-04	
0	6	4	8	-1.959306e-01	8.957683e-04	-9.952498e-02	-6.872048e-06	-3.360987e-05	-1.191578e-05	0.000000e+00	0.000000e+00	0.000000e+00	9.982000e+02	2.443527e+04	4.284097e+00	-3.618955e+00	7.736976e+00	-3.690221e-04	-1.674711e-04	-8.100225e-04	-2.904999e-04	
0	7	4	1	-1.012861e-01	2.104232e-03	-1.576106e-01	-6.611364e-06	-3.290272e-05	-1.143433e-05	0.000000e+00	0.000000e+00	0.000000e+00	9.982000e+02	3.061904e+04	3.860454e+00	-3.256442e+00	7.138411e+00	-3.308820e-04	-2.040775e-04	-1.008191e-03	-3.531042e-04	
0	7	4	2	-1.115325e-01	2.290465e-03	-1.522320e-01	-1.929341e-05	-9.646333e-05	-3.343598e-05	0.000000e+00	0.000000e+00	0.000000e+00	9.982000e+02	3.344527e+04	3.398490e+00	-3.170816e+00	7.186840e+00	-2.791163e-04	-6.473872e-04	-3.231175e-03	-1.122301e-03	
0	7	4	3	-1.269366e-01	2.532310e-03	-1.440396e-01	-1.990554e-05	-9.981497e-05	-3.447620e-05	0.000000e+00	0.000000e+00	0.000000e+00	9.982000e+02	3.185509e+04	3.122845e+00	-3.207390e+00	7.482948e+00	-1.569196e-03	-6.400260e-04	-3.179767e-03	-1.111779e-03	
0	7	4	4	-1.424823e-01	2.731145e-03	-1.356450e-01	-1.997174e-05	-1.005913e-04	-3.462560e-05	0.000000e+00	0.000000e+00	0.000000e+00	9.982000e+02	2.893947e+04	3.148770e+00	-3.317151e+00	7.820514e+00	-1.777340e-03	-5.815534e-04	-2.895042e-03	-1.012460e-03	
0	7	4	5	-1.579777e-01	2.891477e-03	-1.271672e-01	-2.005427e-05	-1.012272e-04	-3.471655e-05	0.000000e+00	0.000000e+00	0.000000e+00	9.982000e+02	2.718924e+04	3.310524e+00	-3.390656e+00	7.974199e+00	-2.025089e-03	-5.463251e-04	-2.717021e-03	-9.503091e-04	
0	7	4	6	-1.734374e-01	3.023683e-03	-1.186221e-01	-2.011943e-05	-1.018153e-04	-3.482347e-05	0.000000e+00	0.000000e+00	0.000000e+00	9.982000e+02	2.588628e+04	3.557168e+00	-3.442448e+00	8.009707e+00	-2.256706e-03	-5.182811e-04	-2.574517e-03	-9.012468e-04	
0	7	4	7	-1.886829e-01	3.134629e-03	-1.101425e-01	-1.963705e-05	-9.962762e-05	-3.401981e-05	0.000000e+00	0.000000e+00	0.000000e+00	9.982000e+02	2.247199e+04	4.082483e+00	-3.542438e+00	8.017584e+00	-2.342144e-03	-4.371992e-04	-2.161468e-03	-7.596325e-04	
0	7	4	8	-1.987844e-01	3.200838e-03	-1.045070e-01	-6.746354e-06	-3.428820e-05	-1.169830e-05	0.000000e+00	0.000000e+00	0.000000e+00	9.982000e+02	2.463407e+04	4.282609e+00	-3.490850e+00	7.762064e+00	-3.267099e-04	-1.653564e-04	-8.321849e-04	-2.868398e-04	
0	8	4	1	-1.040645e-01	4.327533e-03	-1.625347e-01	-6.557036e-06	-3.402631e-05	-1.135491e-05	0.000000e+00	0.000000e+00	0.000000e+00	9.982000e+02	3.035275e+04	3.861153e+00	-3.153641e+00	7.220584e+00	-3.082023e-04	-2.005745e-04	-1.033684e-03	-3.475024e-04	
0	8	4	2	-1.143351e-01	4.519402e-03	-1.571841e-01	-1.907731e-05	-9.952432e-05	-3.306262e-05	0.000000e+00	0.000000e+00	0.000000e+00	9.982000e+02	3.272615e+04	3.464432e+00	-3.084006e+00	7.284407e+00	-1.674885e-04	-6.260340e-04	-3.262404e-03	-1.085186e-03	
0	8	4	3	-1.297618e-01	4.767948e-03	-1.490303e-01	-1.958073e-05	-1.027554e-04	-3.391406e-05	0.000000e+00	0.000000e+00	0.000000e+00	9.982000e+02	3.131687e+04	3.220605e+00	-3.110494e+00	7.564951e+00	-1.529240e-03	-6.181672e-04	-3.213405e-03	-1.073717e-03	
0	8	4	4	-1.453237e-01	4.971610e-03	-1.406680e-01	-1.957926e-05	-1.032967e-04	-3.394361e-05	0.000000e+00	0.000000e+00	0.000000e+00	9.982000e+02	2.862781e+04	3.253655e+00	-3.203506e+00	7.872100e+00	-1.768062e-03	-5.628757e-04	-2.933644e-03	-9.797815e-04	
0	8	4	5	-1.608379e-01	5.136196e-03	-1.322134e-01	-1.961266e-05	-1.036679e-04	-3.394500e-05	0.000000e+00	0.000000e+00	0.000000e+00	9.982000e+02	2.702680e+04	3.414046e+00	-3.265901e+00	8.001493e+00	-2.007755e-03	-5.300827e-04	-2.759167e-03	-9.216582e-04	
0	8	4	6	-1.763121e-01	5.272107e-03	-1.236905e-01	-1.961594e-05	-1.040555e-04	-3.396676e-05	0.000000e+00	0.000000e+00	0.000000e+00	9.982000e+02	2.583294e+04	3.644491e+00	-3.308587e+00	8.030989e+00	-2.252749e-03	-5.030323e-04	-2.617534e-03	-8.749248e-04	
0	8	4	7	-1.915684e-01	5.385539e-03	-1.152305e-01	-1.912351e-05	-1.018560e-04	-3.313355e-05	0.000000e+00	0.000000e+00	0.000000e+00	9.982000e+02	2.275370e+04	4.126920e+00	-3.388605e+00	8.035014e+00	-1.768644e-03	-4.314411e-04	-2.253186e-03	-7.490848e-04	
0	8	4	8	-2.016777e-01	5.453190e-03	-1.096036e-01	-6.566489e-06	-3.502301e-05	-1.137501e-05	0.000000e+00	0.000000e+00	0.000000e+00	9.982000e+02	2.479309e+04	4.301899e+00	-3.341467e+00	7.804816e+00	-1.913186e-04	-1.618575e-04	-8.582593e-04	-2.804489e-04	
0	9	4	1	-1.069088e-01	6.519251e-03	-1.676461e-01	-6.439854e-06	-3.532268e-05	-1.114798e-05	0.000000e+00	0.000000e+00	0.000000e+00	9.982000e+02	3.027745e+04	3.865870e+00	-3.006124e+00	7.291786e+00	-3.059341e-04	-1.965182e-04	-1.070491e-03	-3.403750e-04	
0	9	4	2	-1.172048e-01	6.709544e-03	-1.623097e-01	-1.866140e-05	-1.030146e-04	-3.234977e-05	0.000000e+00	0.000000e+00	0.000000e+00	9.982000e+02	3.205139e+04	3.534119e+00	-2.961068e+00	7.390516e+00	-2.928206e-05	-5.993061e-04	-3.307627e-03	-1.038942e-03	
0	9	4	3	-1.326581e-01	6.955375e-03	-1.541759e-01	-1.905697e-05	-1.058133e-04	-3.300189e-05	0.000000e+00	0.000000e+00	0.000000e+00	9.982000e+02	3.077483e+04	3.321320e+00	-2.982840e+00	7.645918e+00	-1.549683e-03	-5.901746e-04	-3.243728e-03	-1.024975e-03	
0	9	4	4	-1.482291e-01	7.155935e-03	-1.458348e-01	-1.897476e-05	-1.060962e-04	-3.290094e-05	0.000000e+00	0.000000e+00	0.000000e+00	9.982000e+02	2.835180e+04	3.358578e+00	-3.057994e+00	7.924187e+00	-1.822498e-03	-5.391119e-04	-2.974644e-03	-9.386170e-04	
0	9	4	5	-1.637510e-01	7.318268e-03	-1.373989e-01	-1.896862e-05	-1.065095e-04	-3.282402e-05	0.000000e+00	0.000000e+00	0.000000e+00	9.982000e+02	2.696216e+04	3.514778e+00	-3.102122e+00	8.034815e+00	-2.042355e-03	-5.105832e-04	-2.820370e-03	-8.875258e-04	
0	9	4	6	-1.792383e-01	7.452412e-03	-1.288887e-01	-1.891188e-05	-1.067215e-04	-3.275230e-05	0.000000e+00	0.000000e+00	0.000000e+00	9.982000e+02	2.591296e+04	3.729011e+00	-3.135004e+00	8.062018e+00	-2.279918e-03	-4.858647e-04	-2.686797e-03	-8.450993e-04	
0	9	4	7	-1.945049e-01	7.563681e-03	-1.204396e-01	-1.838513e-05	-1.041523e-04	-3.186292e-05	0.000000e+00	0.000000e+00	0.000000e+00	9.982000e+02	2.287697e+04	4.177976e+00	-3.205838e+00	8.068401e+00	-7.923344e-04	-4.174215e-04	-2.343448e-03	-7.240827e-04	
0	9	4	8	-2.046193e-01	7.630077e-03	-1.148189e-01	-6.312805e-06	-3.581383e-05	-1.092779e-05	0.000000e+00	0.000000e+00	0.000000e+00	9.982000e+02	2.476250e+04	4.333860e+00	-3.164257e+00	7.866673e+00	-6.220262e-05	-1.551905e-04	-8.787006e-04	-2.686639e-04	
0	10	4	1	-1.098359e-01	8.653201e-03	-1.729538e-01	-6.233849e-06	-3.664959e-05	-1.079829e-05	0.000000e+00	0.000000e+00	0.000000e+00	9.982000e+02	3.021862e+04	3.883332e+00	-2.828557e+00	7.358328e+00	-2.730309e-04	-1.897798e-04	-1.108726e-03	-3.289099e-04	
0	10	4	2	-1.201518e-01	8.834727e-03	-1.676185e-01	-1.801717e-05	-1.066470e-04	-3.121726e-05	0.000000e+00	0.000000e+00	0.000000e+00	9.982000e+02	3.149092e+04	3.610834e+00	-2.803257e+00	7.492712e+00	-6.796695e-04	-5.708581e-04	-3.362564e-03	-9.899334e-04	
0	10	4	3	-1.356321e-01	9.068566e-03	-1.594848e-01	-1.829894e-05	-1.093002e-04	-3.169525e-05	0.000000e+00	0.000000e+00	0.000000e+00	9.982000e+02	3.028166e+04	3.424305e+00	-2.815672e+00	7.732784e+00	-1.587584e-03	-5.565746e-04	-3.287502e-03	-9.668969e-04	
0	10	4	4	-1.512179e-01	9.258553e-03	-1.511486e-01	-1.812421e-05	-1.092071e-04	-3.142560e-05	0.000000e+00	0.000000e+00	0.000000e+00	9.982000e+02	2.815389e+04	3.460821e+00	-2.871514e+00	7.982821e+00	-1.878789e-03	-5.104820e-04	-3.031366e-03	-8.888547e-04	
0	10	4	5	-1.667372e-01	9.412110e-03	-1.427243e-01	-1.804539e-05	-1.091807e-04	-3.122662e-05	0.000000e+00	0.000000e+00	0.000000e+00	9.982000e+02	2.686635e+04	3.609311e+00	-2.906845e+00	8.077724e+00	-2.178720e-03	-4.829041e-04	-2.867917e-03	-8.396369e-04	
0	10	4	6	-1.822244e-01	9.538750e-03	-1.342239e-01	-1.796080e-05	-1.093889e-04	-3.111912e-05	0.000000e+00	0.000000e+00	0.000000e+00	9.982000e+02	2.587126e+04	3.819387e+00	-2.931313e+00	8.099649e+00	-1.778963e-03	-4.608821e-04	-2.760473e-03	-8.011696e-04	
0	10	4	7	-1.974989e-01	9.643964e-03	-1.257785e-01	-1.744635e-05	-1.067660e-04	-3.022625e-05	0.000000e+00	0.000000e+00	0.000000e+00	9.982000e+02	2.299502e+04	4.241985e+00	-2.989795e+00	8.112194e+00	-9.430072e-05	-3.981887e-04	-2.434063e-03	-6.899453e-04	
0	10	4	8	-2.076177e-01	9.706704e-03	-1.201596e-01	-5.976329e-06	-3.666126e-05	-1.035329e-05	0.000000e+00	0.000000e+00	0.000000e+00	9.982000e+02	2.461527e+04	4.380185e+00	-2.956805e+00	7.941703e+00	-1.273627e-05	-1.457683e-04	-8.938199e-04	-2.525295e-04	
0	11	4	1	-1.128556e-01	1.069869e-02	-1.784633e-01	-5.930406e-06	-3.809091e-05	-1.028198e-05	0.000000e+00	0.000000e+00	0.000000e+00	9.982000e+02	3.006554e+04	3.922423e+00	-2.617889e+00	7.435942e+00	-1.812728e-04	-1.793345e-04	-1.146814e-03	-3.110407e-04	
0	11	4	2	-1.231902e-01	1.086457e-02	-1.731183e-01	-1.708086e-05	-1.106689e-04	-2.959552e-05	0.000000e+00	0.000000e+00	0.000000e+00	9.982000e+02	3.107025e+04	3.693807e+00	-2.599791e+00	7.589746e+00	-1.124512e-03	-5.350886e-04	-3.437039e-03	-9.284730e-04	
0	11	4	3	-1.386934e-01	1.107711e-02	-1.649695e-01	-1.724929e-05	-1.130505e-04	-2.988684e-05	0.000000e+00	0.000000e+00	0.000000e+00	9.982000e+02	2.987644e+04	3.525214e+00	-2.606492e+00	7.824773e+00	-1.664060e-03	-5.166747e-04	-3.343472e-03	-8.980734e-04	
0	11	4	4	-1.542962e-01	1.124911e-02	-1.566181e-01	-1.702248e-05	-1.125519e-04	-2.949796e-05	0.000000e+00	0.000000e+00	0.000000e+00	9.982000e+02	2.798477e+04	3.561045e+00	-2.647586e+00	8.047098e+00	-2.032731e-03	-4.755641e-04	-3.091226e-03	-8.279151e-04	
0	11	4	5	-1.698186e-01	1.138793e-02	-1.481875e-01	-1.685360e-05	-1.122540e-04	-2.917446e-05	0.000000e+00	0.000000e+00	0.000000e+00	9.982000e+02	2.685620e+04	3.706221e+00	-2.669262e+00	8.129443e+00	-2.387239e-03	-4.499719e-04	-2.931882e-03	-7.830198e-04	
0	11	4	6	-1.852940e-01	1.150207e-02	-1.396932e-01	-1.671526e-05	-1.122052e-04	-2.896779e-05	0.000000e+00	0.000000e+00	0.000000e+00	9.982000e+02	2.582721e+04	3.918857e+00	-2.688524e+00	8.152561e+00	-7.710257e-04	-4.287127e-04	-2.855515e-03	-7.440173e-04	
0	11	4	7	-2.005605e-01	1.159741e-02	-1.312508e-01	-1.621807e-05	-1.093481e-04	-2.808490e-05	0.000000e+00	0.000000e+00	0.000000e+00	9.982000e+02	2.322452e+04	4.311002e+00	-2.734363e+00	8.156743e+00	-1.759551e-05	-3.732025e-04	-2.515717e-03	-6.462912e-04	
0	11	4	8	-2.106802e-01	1.165400e-02	-1.256295e-01	-5.542726e-06	-3.753641e-05	-9.611473e-06	0.000000e+00	0.000000e+00	0.000000e+00	9.982000e+02	2.446344e+04	4.442445e+00	-2.712352e+00	8.030890e+00	-6.174483e-05	-1.338118e-04	-9.041720e-04	-2.320575e-04	
0	12	4	1	-1.159853e-01	1.261724e-02	-1.841869e-01	-5.503259e-06	-3.967461e-05	-9.531547e-06	0.000000e+00	0.000000e+00	0.000000e+00	9.982000e+02	2.963663e+04	3.996882e+00	-2.365339e+00	7.537920e+00	-6.493709e-05	-1.636522e-04	-1.177788e-03	-2.834827e-04	
0	12	4	2	-1.263334e-01	1.276102e-02	-1.788181e-01	-1.576742e-05	-1.148745e-04	-2.732928e-05	0.000000e+00	0.000000e+00	0.000000e+00	9.982000e+02	3.053001e+04	3.787028e+00	-2.351026e+00	7.697287e+00	-1.302444e-03	-4.840706e-04	-3.487706e-03	-8.405059e-04	
0	12	4	3	-1.418536e-01	1.294383e-02	-1.706352e-01	-1.583535e-05	-1.169487e-04	-2.743576e-05	0.000000e+00	0.000000e+00	0.000000e+00	9.982000e+02	2.936145e+04	3.629506e+00	-2.352343e+00	7.932306e+00	-2.035040e-03	-4.647111e-04	-3.372742e-03	-8.084916e-04	
0	12	4	4	-1.574690e-01	1.309104e-02	-1.622531e-01	-1.554849e-05	-1.162172e-04	-2.693819e-05	0.000000e+00	0.000000e+00	0.000000e+00	9.982000e+02	2.777594e+04	3.664636e+00	-2.374656e+00	8.129584e+00	-2.463792e-03	-4.299420e-04	-3.140395e-03	-7.492774e-04	
0	12	4	5	-1.730020e-01	1.320949e-02	-1.537999e-01	-1.531447e-05	-1.155925e-04	-2.652692e-05	0.000000e+00	0.000000e+00	0.000000e+00	9.982000e+02	2.680320e+04	3.812491e+00	-2.387428e+00	8.202331e+00	-2.401919e-03	-4.076673e-04	-3.002360e-03	-7.099830e-04	
0	12	4	6	-1.884712e-01	1.330657e-02	-1.452938e-01	-1.512429e-05	-1.150628e-04	-2.619718e-05	0.000000e+00	0.000000e+00	0.000000e+00	9.982000e+02	2.572983e+04	4.029009e+00	-2.402141e+00	8.224596e+00	-8.338716e-05	-3.858832e-04	-2.932984e-03	-6.685047e-04	
0	12	4	7	-2.037149e-01	1.338799e-02	-1.368515e-01	-1.462443e-05	-1.120454e-04	-2.532857e-05	0.000000e+00	0.000000e+00	0.000000e+00	9.982000e+02	2.336652e+04	4.393081e+00	-2.430398e+00	8.214775e+00	4.776195e-05	-3.371109e-04	-2.584511e-03	-5.838295e-04	
0	12	4	8	-2.138189e-01	1.343614e-02	-1.312316e-01	-4.995072e-06	-3.844400e-05	-8.656196e-06	0.000000e+00	0.000000e+00	0.000000e+00	9.982000e+02	2.367149e+04	4.544211e+00	-2.425596e+00	8.150341e+00	1.979226e-05	-1.158736e-04	-8.925363e-04	-2.007953e-04	
0	13	4	1	-1.192464e-01	1.435582e-02	-1.901332e-01	-4.887900e-06	-4.134237e-05	-8.455185e-06	0.000000e+00	0.000000e+00	0.000000e+00	9.982000e+02	2.878362e+04	4.112905e+00	-2.057166e+00	7.681045e+00	-4.937566e-04	-1.415340e-04	-1.178908e-03	-2.451084e-04	
0	13	4	2	-1.295984e-01	1.447084e-02	-1.847239e-01	-1.390398e-05	-1.194081e-04	-2.409044e-05	0.000000e+00	0.000000e+00	0.000000e+00	9.982000e+02	2.946093e+04	3.905303e+00	-2.038723e+00	7.851286e+00	-2.236822e-03	-4.092371e-04	-3.435055e-03	-7.114852e-04	
0	13	4	3	-1.451262e-01	1.461545e-02	-1.764883e-01	-1.383145e-05	-1.211945e-04	-2.398384e-05	0.000000e+00	0.000000e+00	0.000000e+00	9.982000e+02	2.797213e+04	3.758531e+00	-2.031634e+00	8.098659e+00	-3.186318e-03	-3.834248e-04	-3.248591e-03	-6.699030e-04	
0	13	4	4	-1.607492e-01	1.473064e-02	-1.680616e-01	-1.348535e-05	-1.200853e-04	-2.336484e-05	0.000000e+00	0.000000e+00	0.000000e+00	9.982000e+02	2.601959e+04	3.794281e+00	-2.035205e+00	8.270161e+00	-2.295117e-03	-3.455068e-04	-2.994758e-03	-6.025260e-04	
0	13	4	5	-1.762875e-01	1.482362e-02	-1.595706e-01	-1.321754e-05	-1.191413e-04	-2.288328e-05	0.000000e+00	0.000000e+00	0.000000e+00	9.982000e+02	2.436370e+04	3.958461e+00	-2.042165e+00	8.346056e+00	-2.808411e-04	-3.145471e-04	-2.824771e-03	-5.450010e-04	
0	13	4	6	-1.917594e-01	1.489978e-02	-1.510352e-01	-1.298538e-05	-1.184318e-04	-2.249524e-05	0.000000e+00	0.000000e+00	0.000000e+00	9.982000e+02	2.349323e+04	4.174424e+00	-2.044966e+00	8.356541e+00	7.411734e-05	-2.957475e-04	-2.700278e-03	-5.122575e-04	
0	13	4	7	-2.069898e-01	1.496337e-02	-1.425782e-01	-1.247305e-05	-1.148604e-04	-2.159981e-05	0.000000e+00	0.000000e+00	0.000000e+00	9.982000e+02	2.115500e+04	4.508707e+00	-2.058582e+00	8.343230e+00	-9.788489e-05	-2.528088e-04	-2.323658e-03	-4.378507e-04	
0	13	4	8	-2.170733e-01	1.500056e-02	-1.369549e-01	-4.243691e-06	-3.935018e-05	-7.356755e-06	0.000000e+00	0.000000e+00	0.000000e+00	9.982000e+02	2.086971e+04	4.758522e+00	-2.073430e+00	8.345546e+00	2.927637e-04	-8.197758e-05	-7.737096e-04	-1.420880e-04	
0	14	4	1	-1.226712e-01	1.577215e-02	-1.963111e-01	-3.583724e-06	-4.319875e-05	-6.227551e-06	0.000000e+00	0.000000e+00	0.000000e+00	9.982000e+02	2.525025e+04	4.335444e+00	-1.505856e+00	7.950805e+00	-3.422031e-04	-8.803365e-05	-1.042833e-03	-1.531216e-04	
0	14	4	2	-1.330188e-01	1.584019e-02	-1.908473e-01	-9.873989e-06	-1.245495e-04	-1.717352e-05	0.000000e+00	0.000000e+00	0.000000e+00	9.982000e+02	2.635486e+04	4.091121e+00	-1.446005e+00	8.134822e+00	-1.471656e-03	-2.504541e-04	-3.081558e-03	-4.371070e-04	
0	14	4	3	-1.485436e-01	1.592296e-02	-1.825409e-01	-9.375274e-06	-1.260468e-04	-1.631553e-05	0.000000e+00	0.000000e+00	0.000000e+00	9.982000e+02	2.522572e+04	3.955427e+00	-1.377605e+00	8.369906e+00	-8.923760e-04	-2.225717e-04	-2.944261e-03	-3.887151e-04	
0	14	4	4	-1.641653e-01	1.598607e-02	-1.740541e-01	-8.760765e-06	-1.246137e-04	-1.520945e-05	0.000000e+00	0.000000e+00	0.000000e+00	9.982000e+02	2.447127e+04	3.982959e+00	-1.314605e+00	8.476571e+00	-3.472653e-04	-1.961982e-04	-2.771029e-03	-3.411852e-04	
0	14	4	5	-1.797039e-01	1.603607e-02	-1.655132e-01	-8.238458e-06	-1.234496e-04	-1.426950e-05	0.000000e+00	0.000000e+00	0.000000e+00	9.982000e+02	2.415799e+04	4.112943e+00	-1.257657e+00	8.505761e+00	-3.702460e-04	-1.804142e-04	-2.680451e-03	-3.129953e-04	
0	14	4	6	-1.951768e-01	1.607653e-02	-1.569384e-01	-7.790303e-06	-1.224806e-04	-1.349540e-05	0.000000e+00	0.000000e+00	0.000000e+00	9.982000e+02	2.421001e+04	4.281872e+00	-1.204915e+00	8.463748e+00	-5.603414e-05	-1.682210e-04	-2.641492e-03	-2.914663e-04	
0	14	4	7	-2.104035e-01	1.610942e-02	-1.484480e-01	-7.233757e-06	-1.185883e-04	-1.251648e-05	0.000000e+00	0.000000e+00	0.000000e+00	9.982000e+02	2.307376e+04	4.631627e+00	-1.173218e+00	8.438943e+00	-1.602012e-04	-1.469463e-04	-2.397603e-03	-2.543148e-04	
0	14	4	8	-2.204798e-01	1.612811e-02	-1.428066e-01	-2.404117e-06	-4.055029e-05	-4.170924e-06	0.000000e+00	0.000000e+00	0.000000e+00	9.982000e+02	2.340925e+04	4.875562e+00	-1.154869e+00	8.417525e+00	-6.021012e-05	-4.908875e-05	-8.234107e-04	-8.516204e-05	
0	15	4	1	-1.263066e-01	1.646149e-02	-2.027217e-01	-5.575548e-07	-4.521348e-05	-9.203151e-07	0.000000e+00	0.000000e+00	0.000000e+00	9.982000e+02	2.910459e+04	4.436148e+00	-2.181735e-01	8.030932e+00	2.621851e-07	-1.608393e-05	-1.304384e-03	-2.654838e-05	
0	15	4	2	-1.366438e-01	1.647288e-02	-1.971831e-01	-1.146039e-06	-1.297823e-04	-1.901899e-06	0.000000e+00	0.000000e+00	0.000000e+00	9.982000e+02	3.039179e+04	4.146582e+00	-1.572153e-01	8.229469e+00	2.367989e-07	-3.467732e-05	-3.927122e-03	-5.754810e-05	
0	15	4	3	-1.521498e-01	1.648381e-02	-1.887830e-01	-5.965255e-07	-1.307167e-04	-9.819795e-07	0.000000e+00	0.000000e+00	0.000000e+00	9.982000e+02	3.003355e+04	4.005647e+00	-8.172766e-02	8.445900e+00	-8.179154e-08	-1.763321e-05	-3.863937e-03	-2.902733e-05	
0	15	4	4	-1.677546e-01	1.648875e-02	-1.802199e-01	-1.578935e-07	-1.287823e-04	-2.469610e-07	0.000000e+00	0.000000e+00	0.000000e+00	9.982000e+02	2.969515e+04	4.022881e+00	-2.128478e-02	8.527325e+00	-1.652556e-08	-4.579556e-06	-3.735237e-03	-7.162912e-06	
0	15	4	5	-1.832813e-01	1.649084e-02	-1.716166e-01	1.719755e-07	-1.271821e-04	3.323804e-07	0.000000e+00	0.000000e+00	0.000000e+00	9.982000e+02	2.897559e+04	4.144666e+00	2.792803e-02	8.541914e+00	3.984761e-08	4.804987e-06	-3.553508e-03	9.286713e-06	
0	15	4	6	-1.987452e-01	1.649154e-02	-1.629898e-01	4.495362e-07	-1.258487e-04	8.010323e-07	0.000000e+00	0.000000e+00	0.000000e+00	9.982000e+02	2.771227e+04	4.290615e+00	6.829769e-02	8.322244e+00	1.448453e-07	1.218867e-05	-3.412129e-03	2.171918e-05	
0	15	4	7	-2.139639e-01	1.649113e-02	-1.544557e-01	6.567596e-07	-1.216163e-04	1.158858e-06	0.000000e+00	0.000000e+00	0.000000e+00	9.982000e+02	2.590096e+04	4.651068e+00	1.033673e-01	8.211974e+00	2.186633e-07	1.674643e-05	-3.100880e-03	2.954922e-05	
0	15	4	8	-2.240344e-01	1.649050e-02	-1.487880e-01	2.688985e-07	-4.154498e-05	4.675730e-07	0.000000e+00	0.000000e+00	0.000000e+00	9.982000e+02	2.590403e+04	4.848558e+00	1.230235e-01	8.142557e+00	1.623626e-09	6.976248e-06	-1.077833e-03	1.213062e-05	
0	16	4	1	-1.301324e-01	1.613975e-02	-2.093070e-01	2.467364e-06	-4.646036e-05	4.302459e-06	0.000000e+00	0.000000e+00	0.000000e+00	9.982000e+02	3.196189e+04	4.239651e+00	9.242147e-01	7.548843e+00	6.675347e-05	7.697397e-05	-1.444072e-03	1.342336e-04	
0	16	4	2	-1.404526e-01	1.611206e-02	-2.036692e-01	7.393420e-06	-1.328149e-04	1.286571e-05	0.000000e+00	0.000000e+00	0.000000e+00	9.982000e+02	3.404646e+04	3.854050e+00	9.615837e-01	7.711817e+00	2.853063e-06	2.446607e-04	-4.395022e-03	4.257608e-04	
0	16	4	3	-1.559260e-01	1.607495e-02	-1.951460e-01	7.846212e-06	-1.330753e-04	1.363983e-05	0.000000e+00	0.000000e+00	0.000000e+00	9.982000e+02	3.370589e+04	3.668848e+00	1.023716e+00	7.877272e+00	-3.756050e-06	2.561081e-04	-4.344133e-03	4.452311e-04	
0	16	4	4	-1.714957e-01	1.604306e-02	-1.864882e-01	8.057053e-06	-1.306667e-04	1.398611e-05	0.000000e+00	0.000000e+00	0.000000e+00	9.982000e+02	3.350353e+04	3.697395e+00	1.073858e+00	7.902651e+00	-6.682722e-05	2.600483e-04	-4.221462e-03	4.512895e-04	
0	16	4	5	-1.869923e-01	1.601622e-02	-1.778077e-01	8.216602e-06	-1.287113e-04	1.426259e-05	0.000000e+00	0.000000e+00	0.000000e+00	9.982000e+02	3.365469e+04	3.843565e+00	1.116595e+00	7.862338e+00	-4.640312e-04	2.646756e-04	-4.174820e-03	4.588780e-04	
0	16	4	6	-2.024336e-01	1.599299e-02	-1.691172e-01	8.350605e-06	-1.271114e-04	1.448958e-05	0.000000e+00	0.000000e+00	0.000000e+00	9.982000e+02	3.383412e+04	3.959874e+00	1.131122e+00	7.640744e+00	-3.211545e-04	2.696934e-04	-4.125262e-03	4.677122e-04	
0	16	4	7	-2.176337e-01	1.597299e-02	-1.605295e-01	8.243931e-06	-1.225856e-04	1.430016e-05	0.000000e+00	0.000000e+00	0.000000e+00	9.982000e+02	3.274822e+04	4.247241e+00	1.166038e+00	7.547159e+00	-4.735547e-04	2.550814e-04	-3.823852e-03	4.423864e-04	
0	16	4	8	-2.276925e-01	1.596150e-02	-1.548291e-01	2.850065e-06	-4.181137e-05	4.944521e-06	0.000000e+00	0.000000e+00	0.000000e+00	9.982000e+02	3.391077e+04	4.440521e+00	1.177061e+00	7.393789e+00	-2.122552e-04	9.107834e-05	-1.350368e-03	1.580758e-04	
0	17	4	1	-1.334457e-01	1.507902e-02	-2.149104e-01	3.919297e-06	-3.211151e-05	6.801883e-06	0.000000e+00	0.000000e+00	0.000000e+00	9.982000e+02	3.577207e+04	3.768325e+00	1.878019e+00	6.694742e+00	1.746794e-04	1.382110e-04	-1.126701e-03	2.398902e-04	
0	17	4	2	-1.437415e-01	1.503602e-02	-2.091763e-01	1.139993e-05	-9.158440e-05	1.977574e-05	0.000000e+00	0.000000e+00	0.000000e+00	9.982000e+02	3.856465e+04	3.288595e+00	1.872593e+00	6.776515e+00	2.838754e-04	4.320819e-04	-3.463307e-03	7.498476e-04	
0	17	4	3	-1.591805e-01	1.498044e-02	-2.005286e-01	1.166236e-05	-9.139125e-05	2.022065e-05	0.000000e+00	0.000000e+00	0.000000e+00	9.982000e+02	3.869936e+04	3.073395e+00	1.916874e+00	6.891096e+00	8.094728e-05	4.416495e-04	-3.458949e-03	7.658757e-04	
0	17	4	4	-1.747126e-01	1.493459e-02	-1.917748e-01	1.163360e-05	-8.934658e-05	2.016643e-05	0.000000e+00	0.000000e+00	0.000000e+00	9.982000e+02	3.845996e+04	3.095676e+00	1.958410e+00	6.890826e+00	-1.256832e-04	4.357221e-04	-3.349695e-03	7.551168e-04	
0	17	4	5	-1.901736e-01	1.489689e-02	-1.830212e-01	1.161768e-05	-8.787107e-05	2.013738e-05	0.000000e+00	0.000000e+00	0.000000e+00	9.982000e+02	3.874361e+04	3.225413e+00	1.981940e+00	6.787548e+00	-6.739384e-05	4.372781e-04	-3.309302e-03	7.579038e-04	
0	17	4	6	-2.055869e-01	1.486420e-02	-1.742708e-01	1.160796e-05	-8.664966e-05	2.012110e-05	0.000000e+00	0.000000e+00	0.000000e+00	9.982000e+02	3.919201e+04	3.396092e+00	1.990574e+00	6.613000e+00	-2.910052e-17	4.397627e-04	-3.282686e-03	7.622795e-04	
0	17	4	7	-2.207638e-01	1.483657e-02	-1.656315e-01	1.131127e-05	-8.344863e-05	1.959729e-05	0.000000e+00	0.000000e+00	0.000000e+00	9.982000e+02	3.827176e+04	3.678635e+00	2.024500e+00	6.497415e+00	-4.286915e-17	4.158226e-04	-3.067720e-03	7.204313e-04	
0	17	4	8	-2.308087e-01	1.482114e-02	-1.598995e-01	3.879413e-06	-2.844822e-05	6.722052e-06	0.000000e+00	0.000000e+00	0.000000e+00	9.982000e+02	3.971666e+04	3.833108e+00	2.010640e+00	6.297025e+00	9.620005e-18	1.480270e-04	-1.085501e-03	2.564937e-04	
0	18	4	1	-1.358386e-01	1.361408e-02	-2.188871e-01	4.936300e-06	-2.403917e-05	8.561143e-06	0.000000e+00	0.000000e+00	0.000000e+00	9.982000e+02	4.149509e+04	2.989388e+00	2.545813e+00	5.424826e+00	2.881599e-04	2.023657e-04	-9.806307e-04	3.510369e-04	
0	18	4	2	-1.461116e-01	1.357341e-02	-2.130758e-01	1.421545e-05	-6.833537e-05	2.464754e-05	0.000000e+00	0.000000e+00	0.000000e+00	9.982000e+02	4.550294e+04	2.453407e+00	2.472522e+00	5.440074e+00	6.139801e-04	6.381204e-04	-3.058911e-03	1.107137e-03	
0	18	4	3	-1.615180e-01	1.352201e-02	-2.043294e-01	1.439027e-05	-6.803113e-05	2.493843e-05	0.000000e+00	0.000000e+00	0.000000e+00	9.982000e+02	4.734878e+04	2.193029e+00	2.465768e+00	5.461077e+00	3.563781e-04	6.714755e-04	-3.170001e-03	1.164264e-03	
0	18	4	4	-1.770203e-01	1.348022e-02	-1.954969e-01	1.422701e-05	-6.638097e-05	2.465243e-05	0.000000e+00	0.000000e+00	0.000000e+00	9.982000e+02	4.794945e+04	2.226331e+00	2.489606e+00	5.418874e+00	7.546013e-05	6.712692e-04	-3.131142e-03	1.163287e-03	
0	18	4	5	-1.924516e-01	1.344612e-02	-1.866848e-01	1.410416e-05	-6.511084e-05	2.445034e-05	0.000000e+00	0.000000e+00	0.000000e+00	9.982000e+02	4.852567e+04	2.382907e+00	2.506075e+00	5.299059e+00	-2.981027e-04	6.709620e-04	-3.101486e-03	1.162801e-03	
0	18	4	6	-2.078385e-01	1.341545e-02	-1.778877e-01	1.402604e-05	-6.408931e-05	2.430148e-05	0.000000e+00	0.000000e+00	0.000000e+00	9.982000e+02	4.828846e+04	2.576111e+00	2.527603e+00	5.179096e+00	-5.315325e-04	6.612915e-04	-3.029229e-03	1.145362e-03	
0	18	4	7	-2.229937e-01	1.338987e-02	-1.692080e-01	1.359776e-05	-6.163527e-05	2.356038e-05	0.000000e+00	0.000000e+00	0.000000e+00	9.982000e+02	4.705829e+04	2.856248e+00	2.576925e+00	5.092910e+00	-2.230464e-04	6.213132e-04	-2.819837e-03	1.076543e-03	
0	18	4	8	-2.330259e-01	1.337657e-02	-1.634518e-01	4.652633e-06	-2.098841e-05	8.056739e-06	0.000000e+00	0.000000e+00	0.000000e+00	9.982000e+02	4.862673e+04	2.996313e+00	2.543289e+00	4.895139e+00	-1.497113e-17	2.197798e-04	-9.914452e-04	3.805821e-04	
0	19	4	1	-1.374580e-01	1.201645e-02	-2.215263e-01	4.745042e-06	-1.349993e-05	8.229923e-06	0.000000e+00	0.000000e+00	0.000000e+00	9.982000e+02	6.444538e+04	1.659305e+00	2.597519e+00	3.304144e+00	-4.373115e-04	3.030880e-04	-8.653837e-04	5.255042e-04	
0	19	4	2	-1.477146e-01	1.198762e-02	-2.156563e-01	1.359675e-05	-3.822010e-05	2.356490e-05	0.000000e+00	0.000000e+00	0.000000e+00	9.982000e+02	6.623819e+04	1.085885e+00	2.437589e+00	3.326999e+00	-1.606803e-03	8.967962e-04	-2.529186e-03	1.551960e-03	
0	19	4	3	-1.630934e-01	1.195165e-02	-2.068389e-01	1.369104e-05	-3.788836e-05	2.371807e-05	0.000000e+00	0.000000e+00	0.000000e+00	9.982000e+02	6.522665e+04	8.580988e-01	2.366654e+00	3.285275e+00	-1.936778e-03	8.923093e-04	-2.477750e-03	1.542315e-03	
0	19	4	4	-1.785722e-01	1.192199e-02	-1.979511e-01	1.349970e-05	-3.688730e-05	2.338700e-05	0.000000e+00	0.000000e+00	0.000000e+00	9.982000e+02	6.410538e+04	9.246121e-01	2.379631e+00	3.219574e+00	-1.885414e-03	8.664203e-04	-2.375840e-03	1.497876e-03	
0	19	4	5	-1.939815e-01	1.189821e-02	-1.890953e-01	1.334105e-05	-3.609752e-05	2.312044e-05	0.000000e+00	0.000000e+00	0.000000e+00	9.982000e+02	6.360858e+04	1.120111e+00	2.420437e+00	3.132654e+00	-1.228928e-03	8.480967e-04	-2.300867e-03	1.468174e-03	
0	19	4	6	-2.093458e-01	1.187653e-02	-1.802635e-01	1.320629e-05	-3.543540e-05	2.288733e-05	0.000000e+00	0.000000e+00	0.000000e+00	9.982000e+02	6.295014e+04	1.343583e+00	2.482117e+00	3.067682e+00	-5.431648e-04	8.274408e-04	-2.223320e-03	1.433542e-03	
0	19	4	7	-2.244833e-01	1.185791e-02	-1.715550e-01	1.278418e-05	-3.403422e-05	2.214174e-05	0.000000e+00	0.000000e+00	0.000000e+00	9.982000e+02	6.194366e+04	1.605383e+00	2.554542e+00	2.999689e+00	-5.634366e-04	7.879161e-04	-2.101251e-03	1.364452e-03	
0	19	4	8	-2.345050e-01	1.184929e-02	-1.657817e-01	4.370712e-06	-1.158620e-05	7.568639e-06	0.000000e+00	0.000000e+00	0.000000e+00	9.982000e+02	6.282448e+04	1.736845e+00	2.516114e+00	2.848721e+00	-1.068376e-04	2.726140e-04	-7.234079e-04	4.720950e-04	
0	20	4	1	-1.382602e-01	1.058859e-02	-2.227688e-01	3.919008e-06	-4.446454e-06	6.804284e-06	0.000000e+00	0.000000e+00	0.000000e+00	9.982000e+02	7.281900e+04	1.674938e-01	1.390779e+00	8.123746e-01	-4.329002e-18	3.066890e-04	-3.479652e-04	5.324814e-04	
0	20	4	2	-1.485067e-01	1.057571e-02	-2.168679e-01	1.118806e-05	-1.253937e-05	1.939093e-05	0.000000e+00	0.000000e+00	0.000000e+00	9.982000e+02	7.334453e+04	-2.455385e-01	1.161108e+00	8.925132e-01	-4.810003e-19	8.792306e-04	-9.854250e-04	1.523865e-03	
0	20	4	3	-1.638658e-01	1.056124e-02	-2.080103e-01	1.118743e-05	-1.223100e-05	1.936806e-05	0.000000e+00	0.000000e+00	0.000000e+00	9.982000e+02	7.110215e+04	-4.185095e-01	1.105567e+00	9.399097e-01	-5.772003e-18	8.542264e-04	-9.339093e-04	1.478866e-03	
0	20	4	4	-1.793263e-01	1.054817e-02	-1.990900e-01	1.095812e-05	-1.165951e-05	1.897929e-05	0.000000e+00	0.000000e+00	0.000000e+00	9.982000e+02	6.899365e+04	-3.411721e-01	1.201633e+00	9.351806e-01	9.620005e-18	8.154804e-04	-8.676766e-04	1.412399e-03	
0	20	4	5	-1.947216e-01	1.053861e-02	-1.902123e-01	1.076071e-05	-1.135076e-05	1.865967e-05	0.000000e+00	0.000000e+00	0.000000e+00	9.982000e+02	6.737406e+04	-1.762386e-01	1.340280e+00	9.169324e-01	-1.106301e-17	7.844784e-04	-8.274947e-04	1.360329e-03	
0	20	4	6	-2.100739e-01	1.052845e-02	-1.813654e-01	1.064049e-05	-1.123384e-05	1.845212e-05	0.000000e+00	0.000000e+00	0.000000e+00	9.982000e+02	6.588583e+04	9.122067e-04	1.558215e+00	9.481316e-01	4.329002e-18	7.613664e-04	-8.038231e-04	1.320318e-03	
0	20	4	7	-2.252005e-01	1.051838e-02	-1.726429e-01	1.028742e-05	-1.077184e-05	1.781604e-05	0.000000e+00	0.000000e+00	0.000000e+00	9.982000e+02	6.415143e+04	2.624177e-01	1.735235e+00	8.976220e-01	9.620005e-19	7.180489e-04	-7.518609e-04	1.243537e-03	
0	20	4	8	-2.352146e-01	1.051699e-02	-1.668592e-01	3.504203e-06	-3.630338e-06	6.059656e-06	0.000000e+00	0.000000e+00	0.000000e+00	9.982000e+02	6.480792e+04	4.385617e-01	1.744221e+00	7.913488e-01	1.924001e-18	2.463778e-04	-2.552463e-04	4.260498e-04	
0	21	4	1	-1.380218e-01	8.828907e-03	-2.221184e-01	6.740145e-06	1.272791e-05	1.172647e-05	0.000000e+00	0.000000e+00	0.000000e+00	9.982000e+02	7.958909e+04	7.888886e-01	-2.269894e+00	2.010306e+00	-1.876189e-04	5.555407e-04	1.049699e-03	9.664011e-04	
0	21	4	2	-1.482603e-01	8.837609e-03	-2.162340e-01	1.928396e-05	3.611993e-05	3.348125e-05	0.000000e+00	0.000000e+00	0.000000e+00	9.982000e+02	8.057100e+04	5.076919e-01	-2.223196e+00	2.105996e+00	-5.759374e-04	1.607475e-03	3.012558e-03	2.790295e-03	
0	21	4	3	-1.636137e-01	8.851776e-03	-2.074008e-01	1.937111e-05	3.560669e-05	3.359212e-05	0.000000e+00	0.000000e+00	0.000000e+00	9.982000e+02	8.102667e+04	3.237549e-01	-2.134274e+00	2.075575e+00	-7.927903e-04	1.637190e-03	3.011329e-03	2.838032e-03	
0	21	4	4	-1.790697e-01	8.861892e-03	-1.984986e-01	1.903804e-05	3.444744e-05	3.301438e-05	0.000000e+00	0.000000e+00	0.000000e+00	9.982000e+02	8.180223e+04	2.398133e-01	-1.987810e+00	1.935805e+00	5.676719e-04	1.637793e-03	2.962289e-03	2.840804e-03	
0	21	4	5	-1.944620e-01	8.871441e-03	-1.896354e-01	1.876639e-05	3.366809e-05	3.256529e-05	0.000000e+00	0.000000e+00	0.000000e+00	9.982000e+02	8.008999e+04	2.410542e-01	-1.917854e+00	1.843888e+00	2.021164e-03	1.603366e-03	2.872780e-03	2.784650e-03	
0	21	4	6	-2.098108e-01	8.877035e-03	-1.807972e-01	1.854399e-05	3.329930e-05	3.218708e-05	0.000000e+00	0.000000e+00	0.000000e+00	9.982000e+02	7.868677e+04	3.010596e-01	-1.823491e+00	1.713051e+00	2.327375e-03	1.558838e-03	2.794420e-03	2.707362e-03	
0	21	4	7	-2.249339e-01	8.880084e-03	-1.720808e-01	1.791462e-05	3.211970e-05	3.104697e-05	0.000000e+00	0.000000e+00	0.000000e+00	9.982000e+02	7.671831e+04	5.049809e-01	-1.721905e+00	1.490018e+00	1.899921e-03	1.475749e-03	2.641257e-03	2.557389e-03	
0	21	4	8	-2.349495e-01	8.887430e-03	-1.663068e-01	6.128979e-06	1.084484e-05	1.060395e-05	0.000000e+00	0.000000e+00	0.000000e+00	9.982000e+02	7.678605e+04	6.854772e-01	-1.713325e+00	1.356048e+00	7.148963e-04	5.025108e-04	8.873519e-04	8.693145e-04	
0	22	4	1	-1.368131e-01	7.097813e-03	-2.197431e-01	3.730451e-06	1.951610e-05	6.466243e-06	0.000000e+00	0.000000e+00	0.000000e+00	9.982000e+02	4.267029e+04	2.120905e+00	-1.818871e+00	4.266054e+00	4.594083e-04	1.556735e-04	8.085539e-04	2.701104e-04	
0	22	4	2	-1.470470e-01	7.123429e-03	-2.139155e-01	1.073186e-05	5.551567e-05	1.860149e-05	0.000000e+00	0.000000e+00	0.000000e+00	9.982000e+02	4.640744e+04	1.933442e+00	-1.817455e+00	4.308676e+00	1.065104e-03	4.871130e-04	2.507416e-03	8.453312e-04	
0	22	4	3	-1.624068e-01	7.158914e-03	-2.051588e-01	1.085922e-05	5.533022e-05	1.882089e-05	0.000000e+00	0.000000e+00	0.000000e+00	9.982000e+02	4.822319e+04	1.690713e+00	-1.766470e+00	4.217618e+00	8.559659e-04	5.150505e-04	2.615525e-03	8.937737e-04	
0	22	4	4	-1.778714e-01	7.187325e-03	-1.963192e-01	1.072334e-05	5.397661e-05	1.858558e-05	0.000000e+00	0.000000e+00	0.000000e+00	9.982000e+02	4.996205e+04	1.488114e+00	-1.658450e+00	3.957905e+00	4.923742e-04	5.312801e-04	2.669759e-03	9.214886e-04	
0	22	4	5	-1.932710e-01	7.211305e-03	-1.875019e-01	1.063210e-05	5.293399e-05	1.842162e-05	0.000000e+00	0.000000e+00	0.000000e+00	9.982000e+02	5.222023e+04	1.480847e+00	-1.665684e+00	3.931619e+00	-1.064105e-04	5.523613e-04	2.751009e-03	9.568992e-04	
0	22	4	6	-2.086249e-01	7.229764e-03	-1.786921e-01	1.056687e-05	5.217136e-05	1.830350e-05	0.000000e+00	0.000000e+00	0.000000e+00	9.982000e+02	5.487942e+04	1.608881e+00	-1.680542e+00	3.861302e+00	6.451863e-04	5.779604e-04	2.847354e-03	1.001814e-03	
0	22	4	7	-2.237529e-01	7.244316e-03	-1.700017e-01	1.023121e-05	5.018948e-05	1.773010e-05	0.000000e+00	0.000000e+00	0.000000e+00	9.982000e+02	5.636915e+04	1.857969e+00	-1.682674e+00	3.691082e+00	1.263651e-03	5.735680e-04	2.800141e-03	9.945570e-04	
0	22	4	8	-2.337767e-01	7.256568e-03	-1.642520e-01	3.503861e-06	1.708916e-05	6.071633e-06	0.000000e+00	0.000000e+00	0.000000e+00	9.982000e+02	5.776422e+04	2.013562e+00	-1.684075e+00	3.577982e+00	3.959533e-04	2.008673e-04	9.751638e-04	3.481063e-04	
0	23	4	1	-1.352110e-01	6.023826e-03	-2.167758e-01	2.752891e-06	2.118692e-05	4.770057e-06	0.000000e+00	0.000000e+00	0.000000e+00	9.982000e+02	4.405497e+04	2.519874e+00	-1.406902e+00	4.794698e+00	1.292583e-05	1.215299e-04	9.350541e-04	2.105858e-04	
0	23	4	2	-1.454479e-01	6.056205e-03	-2.110107e-01	7.929243e-06	6.044998e-05	1.373946e-05	0.000000e+00	0.000000e+00	0.000000e+00	9.982000e+02	4.705878e+04	2.392019e+00	-1.425898e+00	4.893104e+00	3.669478e-05	3.739013e-04	2.849779e-03	6.479080e-04	
0	23	4	3	-1.608174e-01	6.100019e-03	-2.023322e-01	8.029367e-06	6.038402e-05	1.391244e-05	0.000000e+00	0.000000e+00	0.000000e+00	9.982000e+02	4.836168e+04	2.164185e+00	-1.412931e+00	4.883500e+00	7.718608e-04	3.906860e-04	2.924457e-03	6.778162e-04	
0	23	4	4	-1.762923e-01	6.136350e-03	-1.935568e-01	7.937981e-06	5.904111e-05	1.375051e-05	0.000000e+00	0.000000e+00	0.000000e+00	9.982000e+02	4.989188e+04	1.993100e+00	-1.364759e+00	4.709331e+00	1.671127e-03	4.009704e-04	2.955348e-03	6.966823e-04	
0	23	4	5	-1.917032e-01	6.166279e-03	-1.847887e-01	7.877615e-06	5.809138e-05	1.364717e-05	0.000000e+00	0.000000e+00	0.000000e+00	9.982000e+02	5.135831e+04	2.012613e+00	-1.375509e+00	4.693327e+00	1.712374e-03	4.108689e-04	3.002165e-03	7.138595e-04	
0	23	4	6	-2.070692e-01	6.189224e-03	-1.760164e-01	7.828364e-06	5.726450e-05	1.356238e-05	0.000000e+00	0.000000e+00	0.000000e+00	9.982000e+02	5.301074e+04	2.154467e+00	-1.393356e+00	4.639590e+00	1.166213e-03	4.193605e-04	3.047666e-03	7.275880e-04	
0	23	4	7	-2.222070e-01	6.208271e-03	-1.673589e-01	7.588813e-06	5.515921e-05	1.314747e-05	0.000000e+00	0.000000e+00	0.000000e+00	9.982000e+02	5.356460e+04	2.390290e+00	-1.401754e+00	4.501260e+00	6.074496e-04	4.081412e-04	2.955187e-03	7.073155e-04	
0	23	4	8	-2.322359e-01	6.222185e-03	-1.616281e-01	2.599226e-06	1.882179e-05	4.501975e-06	0.000000e+00	0.000000e+00	0.000000e+00	9.982000e+02	5.476597e+04	2.528142e+00	-1.398560e+00	4.387452e+00	1.993386e-04	1.426201e-04	1.028833e-03	2.470260e-04	
0	24	4	1	-1.334890e-01	5.187310e-03	-2.136511e-01	2.282751e-06	2.175916e-05	3.953610e-06	0.000000e+00	0.000000e+00	0.000000e+00	9.982000e+02	4.537933e+04	2.692755e+00	-1.183093e+00	4.956540e+00	6.504162e-04	1.064767e-04	9.974959e-04	1.846032e-04	
0	24	4	2	-1.437334e-01	5.225185e-03	-2.079441e-01	6.576846e-06	6.220815e-05	1.139258e-05	0.000000e+00	0.000000e+00	0.000000e+00	9.982000e+02	4.792032e+04	2.603349e+00	-1.208840e+00	5.097866e+00	1.938343e-03	3.251590e-04	3.025619e-03	5.643919e-04	
0	24	4	3	-1.591126e-01	5.275940e-03	-1.993425e-01	6.649265e-06	6.223803e-05	1.152027e-05	0.000000e+00	0.000000e+00	0.000000e+00	9.982000e+02	4.924313e+04	2.378902e+00	-1.201874e+00	5.120044e+00	1.398807e-03	3.341173e-04	3.094637e-03	5.802793e-04	
0	24	4	4	-1.745988e-01	5.317977e-03	-1.906283e-01	6.583263e-06	6.100655e-05	1.140080e-05	0.000000e+00	0.000000e+00	0.000000e+00	9.982000e+02	5.070888e+04	2.229563e+00	-1.173597e+00	4.992573e+00	2.207817e-03	3.450522e-04	3.149611e-03	6.000613e-04	
0	24	4	5	-1.900232e-01	5.351976e-03	-1.819044e-01	6.538938e-06	6.011160e-05	1.132777e-05	0.000000e+00	0.000000e+00	0.000000e+00	9.982000e+02	5.195869e+04	2.264338e+00	-1.183786e+00	4.974759e+00	1.476163e-03	3.470144e-04	3.157697e-03	6.027092e-04	
0	24	4	6	-2.054014e-01	5.378631e-03	-1.731701e-01	6.491997e-06	5.932771e-05	1.125065e-05	0.000000e+00	0.000000e+00	0.000000e+00	9.982000e+02	5.302389e+04	2.410471e+00	-1.201040e+00	4.942489e+00	5.236074e-04	3.459603e-04	3.149440e-03	5.999514e-04	
0	24	4	7	-2.205487e-01	5.401045e-03	-1.645443e-01	6.292622e-06	5.719288e-05	1.089713e-05	0.000000e+00	0.000000e+00	0.000000e+00	9.982000e+02	5.338862e+04	2.640566e+00	-1.216304e+00	4.858877e+00	3.577092e-04	3.376410e-04	3.059768e-03	5.848061e-04	
0	24	4	8	-2.305825e-01	5.416438e-03	-1.588319e-01	2.152886e-06	1.949881e-05	3.730679e-06	0.000000e+00	0.000000e+00	0.000000e+00	9.982000e+02	5.454535e+04	2.766311e+00	-1.214433e+00	4.750998e+00	1.190119e-04	1.178307e-04	1.064076e-03	2.041806e-04	
0	25	4	1	-1.315271e-01	4.401387e-03	-2.101324e-01	2.437211e-06	2.662290e-05	4.221954e-06	0.000000e+00	0.000000e+00	0.000000e+00	9.982000e+02	4.557610e+04	2.764293e+00	-1.046544e+00	5.003575e+00	8.024081e-04	1.141159e-04	1.221491e-03	1.978546e-04	
0	25	4	2	-1.417802e-01	4.444741e-03	-2.044856e-01	7.022182e-06	7.620726e-05	1.216424e-05	0.000000e+00	0.000000e+00	0.000000e+00	9.982000e+02	4.776925e+04	2.729402e+00	-1.078620e+00	5.181772e+00	1.954980e-03	3.442382e-04	3.675847e-03	5.971989e-04	
0	25	4	3	-1.571691e-01	4.502516e-03	-1.959621e-01	7.104183e-06	7.644787e-05	1.230525e-05	0.000000e+00	0.000000e+00	0.000000e+00	9.982000e+02	4.882809e+04	2.528237e+00	-1.077796e+00	5.236315e+00	1.301001e-03	3.518894e-04	3.749910e-03	6.106296e-04	
0	25	4	4	-1.726685e-01	4.549986e-03	-1.873087e-01	7.034667e-06	7.517684e-05	1.218724e-05	0.000000e+00	0.000000e+00	0.000000e+00	9.982000e+02	5.023295e+04	2.386676e+00	-1.057834e+00	5.147609e+00	1.785509e-03	3.605477e-04	3.805700e-03	6.264446e-04	
0	25	4	5	-1.881088e-01	4.588232e-03	-1.786306e-01	6.975648e-06	7.410766e-05	1.208216e-05	0.000000e+00	0.000000e+00	0.000000e+00	9.982000e+02	5.137273e+04	2.420008e+00	-1.066224e+00	5.142645e+00	1.071528e-03	3.618814e-04	3.815883e-03	6.278171e-04	
0	25	4	6	-2.034989e-01	4.618985e-03	-1.699353e-01	6.920223e-06	7.322964e-05	1.199145e-05	0.000000e+00	0.000000e+00	0.000000e+00	9.982000e+02	5.226308e+04	2.562382e+00	-1.080662e+00	5.120672e+00	7.305893e-04	3.630805e-04	3.821516e-03	6.296482e-04	
0	25	4	7	-2.186557e-01	4.644906e-03	-1.613426e-01	6.707280e-06	7.066033e-05	1.161233e-05	0.000000e+00	0.000000e+00	0.000000e+00	9.982000e+02	5.254378e+04	2.788734e+00	-1.096459e+00	5.061115e+00	4.799139e-04	3.531133e-04	3.705381e-03	6.114580e-04	
0	25	4	8	-2.286955e-01	4.662078e-03	-1.556508e-01	2.291741e-06	2.411309e-05	3.974909e-06	0.000000e+00	0.000000e+00	0.000000e+00	9.982000e+02	5.369558e+04	2.907548e+00	-1.095212e+00	4.967559e+00	1.606938e-04	1.232332e-04	1.291537e-03	2.137297e-04	
0	26	4	1	-1.291627e-01	3.559870e-03	-2.059261e-01	2.604620e-06	3.120193e-05	4.513132e-06	0.000000e+00	0.000000e+00	0.000000e+00	9.982000e+02	4.565370e+04	2.804834e+00	-9.623002e-01	5.034219e+00	9.182123e-04	1.224490e-04	1.435146e-03	2.123326e-04	
0	26	4	2	-1.394226e-01	3.609662e-03	-2.003483e-01	7.494504e-06	8.937539e-05	1.298669e-05	0.000000e+00	0.000000e+00	0.000000e+00	9.982000e+02	4.749926e+04	2.825548e+00	-1.000162e+00	5.252595e+00	2.322699e-03	3.666131e-04	4.291499e-03	6.361074e-04	
0	26	4	3	-1.548247e-01	3.675236e-03	-1.919086e-01	7.587892e-06	8.988407e-05	1.314490e-05	0.000000e+00	0.000000e+00	0.000000e+00	9.982000e+02	4.839170e+04	2.663710e+00	-1.001499e+00	5.310564e+00	1.611146e-03	3.738324e-04	4.375899e-03	6.487333e-04	
0	26	4	4	-1.703426e-01	3.729033e-03	-1.833169e-01	7.513133e-06	8.856703e-05	1.301213e-05	0.000000e+00	0.000000e+00	0.000000e+00	9.982000e+02	4.962917e+04	2.528117e+00	-9.866575e-01	5.255960e+00	2.017040e-03	3.810735e-04	4.430181e-03	6.617618e-04	
0	26	4	5	-1.857993e-01	3.772877e-03	-1.746904e-01	7.444494e-06	8.743171e-05	1.289388e-05	0.000000e+00	0.000000e+00	0.000000e+00	9.982000e+02	5.070551e+04	2.556021e+00	-9.940915e-01	5.265044e+00	1.301949e-03	3.821628e-04	4.447950e-03	6.630000e-04	
0	26	4	6	-2.012019e-01	3.807870e-03	-1.660379e-01	7.391297e-06	8.647991e-05	1.281212e-05	0.000000e+00	0.000000e+00	0.000000e+00	9.982000e+02	5.169031e+04	2.674299e+00	-1.006513e+00	5.251011e+00	8.828976e-04	3.844301e-04	4.469407e-03	6.669177e-04	
0	26	4	7	-2.163683e-01	3.837381e-03	-1.574812e-01	7.171215e-06	8.353658e-05	1.241297e-05	0.000000e+00	0.000000e+00	0.000000e+00	9.982000e+02	5.180716e+04	2.891674e+00	-1.022784e+00	5.212535e+00	6.068795e-04	3.725842e-04	4.319118e-03	6.450482e-04	
0	26	4	8	-2.264140e-01	3.856749e-03	-1.518109e-01	2.449484e-06	2.852913e-05	4.248732e-06	0.000000e+00	0.000000e+00	0.000000e+00	9.982000e+02	5.281449e+04	3.015963e+00	-1.023816e+00	5.135890e+00	2.009842e-04	1.297003e-04	1.503351e-03	2.249513e-04	
0	27	4	1	-1.263970e-01	2.653846e-03	-2.010636e-01	2.808111e-06	3.565307e-05	4.865659e-06	0.000000e+00	0.000000e+00	0.000000e+00	9.982000e+02	4.530092e+04	2.869587e+00	-9.183683e-01	5.073216e+00	1.021058e-03	1.312131e-04	1.627807e-03	2.274585e-04	
0	27	4	2	-1.366656e-01	2.710571e-03	-1.955522e-01	8.097966e-06	1.025577e-04	1.403148e-05	0.000000e+00	0.000000e+00	0.000000e+00	9.982000e+02	4.684547e+04	2.922290e+00	-9.601335e-01	5.331193e+00	3.028611e-03	3.941807e-04	4.877237e-03	6.838162e-04	
0	27	4	3	-1.520883e-01	2.784722e-03	-1.871942e-01	8.208214e-06	1.035682e-04	1.422878e-05	0.000000e+00	0.000000e+00	0.000000e+00	9.982000e+02	4.775103e+04	2.794845e+00	-9.633829e-01	5.399983e+00	2.276162e-03	4.025731e-04	4.997113e-03	6.991192e-04	
0	27	4	4	-1.676273e-01	2.845176e-03	-1.786659e-01	8.138435e-06	1.021656e-04	1.409677e-05	0.000000e+00	0.000000e+00	0.000000e+00	9.982000e+02	4.882366e+04	2.675411e+00	-9.541810e-01	5.370792e+00	2.377559e-03	4.077734e-04	5.036926e-03	7.080690e-04	
0	27	4	5	-1.830994e-01	2.894721e-03	-1.700921e-01	8.075022e-06	1.010388e-04	1.398760e-05	0.000000e+00	0.000000e+00	0.000000e+00	9.982000e+02	4.979280e+04	2.697184e+00	-9.619412e-01	5.391455e+00	1.673066e-03	4.090685e-04	5.060427e-03	7.097971e-04	
0	27	4	6	-1.985133e-01	2.934458e-03	-1.614836e-01	8.007377e-06	1.001003e-04	1.387977e-05	0.000000e+00	0.000000e+00	0.000000e+00	9.982000e+02	5.073119e+04	2.793273e+00	-9.703863e-01	5.386914e+00	9.896231e-04	4.095654e-04	5.084456e-03	7.104702e-04	
0	27	4	7	-2.136894e-01	2.967826e-03	-1.529647e-01	7.763598e-06	9.677625e-05	1.344449e-05	0.000000e+00	0.000000e+00	0.000000e+00	9.982000e+02	5.084300e+04	2.992677e+00	-9.849023e-01	5.361393e+00	7.172602e-04	3.966247e-04	4.916604e-03	6.869774e-04	
0	27	4	8	-2.237415e-01	2.989523e-03	-1.473175e-01	2.654954e-06	3.305846e-05	4.601790e-06	0.000000e+00	0.000000e+00	0.000000e+00	9.982000e+02	5.174789e+04	3.120708e+00	-9.893190e-01	5.306635e+00	2.301403e-04	1.379210e-04	1.708164e-03	2.390326e-04	
0	28	4	1	-1.232396e-01	1.677312e-03	-1.955685e-01	3.012530e-06	3.988691e-05	5.214431e-06	0.000000e+00	0.000000e+00	0.000000e+00	9.982000e+02	4.499652e+04	2.928000e+00	-8.895541e-01	5.112901e+00	1.087691e-03	1.397719e-04	1.807485e-03	2.419820e-04	
0	28	4	2	-1.335239e-01	1.740865e-03	-1.901138e-01	8.699548e-06	1.150285e-04	1.506269e-05	0.000000e+00	0.000000e+00	0.000000e+00	9.982000e+02	4.622313e+04	3.002483e+00	-9.351717e-01	5.407476e+00	2.978624e-03	4.167081e-04	5.388847e-03	7.221261e-04	
0	28	4	3	-1.489702e-01	1.823873e-03	-1.818302e-01	8.818442e-06	1.164361e-04	1.528287e-05	0.000000e+00	0.000000e+00	0.000000e+00	9.982000e+02	4.687035e+04	2.907177e+00	-9.408207e-01	5.490377e+00	3.288356e-03	4.295525e-04	5.542442e-03	7.459299e-04	
0	28	4	4	-1.645270e-01	1.891193e-03	-1.733640e-01	8.739948e-06	1.151677e-04	1.513922e-05	0.000000e+00	0.000000e+00	0.000000e+00	9.982000e+02	4.778185e+04	2.823985e+00	-9.350845e-01	5.483114e+00	3.250978e-03	4.329960e-04	5.581739e-03	7.519573e-04	
0	28	4	5	-1.800116e-01	1.945969e-03	-1.648413e-01	8.677585e-06	1.140945e-04	1.503246e-05	0.000000e+00	0.000000e+00	0.000000e+00	9.982000e+02	4.870040e+04	2.844539e+00	-9.428139e-01	5.513809e+00	2.308008e-03	4.332245e-04	5.607645e-03	7.518446e-04	
0	28	4	6	-1.954355e-01	1.990783e-03	-1.562764e-01	8.624132e-06	1.131461e-04	1.493597e-05	0.000000e+00	0.000000e+00	0.000000e+00	9.982000e+02	4.966626e+04	2.918561e+00	-9.518431e-01	5.525408e+00	1.245087e-03	4.335174e-04	5.638747e-03	7.513875e-04	
0	28	4	7	-2.106203e-01	2.028338e-03	-1.477936e-01	8.359114e-06	1.095871e-04	1.447909e-05	0.000000e+00	0.000000e+00	0.000000e+00	9.982000e+02	4.973444e+04	3.090475e+00	-9.638907e-01	5.511146e+00	8.388473e-04	4.186398e-04	5.453507e-03	7.252723e-04	
0	28	4	8	-2.206783e-01	2.052223e-03	-1.421685e-01	2.860971e-06	3.748661e-05	4.958523e-06	0.000000e+00	0.000000e+00	0.000000e+00	9.982000e+02	5.051997e+04	3.227433e+00	-9.720872e-01	5.486848e+00	2.625236e-04	1.452968e-04	1.892425e-03	2.517947e-04	
0	29	4	1	-1.197421e-01	6.248944e-04	-1.895029e-01	3.253493e-06	4.343951e-05	5.630167e-06	0.000000e+00	0.000000e+00	0.000000e+00	9.982000e+02	4.457696e+04	2.984125e+00	-8.925198e-01	5.161798e+00	1.096211e-03	1.491959e-04	1.947341e-03	2.581810e-04	
0	29	4	2	-1.300413e-01	6.957198e-04	-1.840979e-01	9.394564e-06	1.255387e-04	1.625659e-05	0.000000e+00	0.000000e+00	0.000000e+00	9.982000e+02	4.560291e+04	3.082995e+00	-9.383816e-01	5.464850e+00	3.044768e-03	4.432525e-04	5.794837e-03	7.674119e-04	
0	29	4	3	-1.455048e-01	7.881001e-04	-1.758796e-01	9.523569e-06	1.274979e-04	1.649530e-05	0.000000e+00	0.000000e+00	0.000000e+00	9.982000e+02	4.619640e+04	3.001403e+00	-9.434576e-01	5.559447e+00	3.272675e-03	4.561517e-04	5.972218e-03	7.912617e-04	
0	29	4	4	-1.610737e-01	8.627155e-04	-1.674684e-01	9.438459e-06	1.263795e-04	1.635083e-05	0.000000e+00	0.000000e+00	0.000000e+00	9.982000e+02	4.684694e+04	2.947363e+00	-9.424261e-01	5.582882e+00	3.764797e-03	4.605433e-04	6.014565e-03	7.996284e-04	
0	29	4	5	-1.765666e-01	9.231057e-04	-1.589911e-01	9.369372e-06	1.254763e-04	1.622770e-05	0.000000e+00	0.000000e+00	0.000000e+00	9.982000e+02	4.766935e+04	2.971162e+00	-9.499840e-01	5.630039e+00	2.933512e-03	4.607814e-04	6.051384e-03	7.994938e-04	
0	29	4	6	-1.919983e-01	9.726082e-04	-1.504648e-01	9.312159e-06	1.247306e-04	1.613134e-05	0.000000e+00	0.000000e+00	0.000000e+00	9.982000e+02	4.852279e+04	3.043001e+00	-9.585491e-01	5.655045e+00	1.988107e-03	4.613020e-04	6.095891e-03	7.998723e-04	
0	29	4	7	-2.071939e-01	1.014095e-03	-1.420133e-01	9.039208e-06	1.209438e-04	1.565791e-05	0.000000e+00	0.000000e+00	0.000000e+00	9.982000e+02	4.866010e+04	3.192033e+00	-9.706818e-01	5.654933e+00	9.506747e-04	4.437816e-04	5.896200e-03	7.688477e-04	
0	29	4	8	-2.172642e-01	1.040065e-03	-1.364025e-01	3.096713e-06	4.146018e-05	5.372074e-06	0.000000e+00	0.000000e+00	0.000000e+00	9.982000e+02	4.923571e+04	3.314837e+00	-9.815231e-01	5.664297e+00	2.941627e-04	1.534388e-04	2.040954e-03	2.661552e-04	
0	30	4	1	-1.159822e-01	-5.317285e-04	-1.829978e-01	3.624259e-06	4.588459e-05	6.276385e-06	0.000000e+00	0.000000e+00	0.000000e+00	9.982000e+02	4.402418e+04	3.047630e+00	-9.566827e-01	5.234158e+00	1.107257e-03	1.638380e-04	2.030456e-03	2.836815e-04	
0	30	4	2	-1.262883e-01	-4.520007e-04	-1.776299e-01	1.045424e-05	1.329731e-04	1.809736e-05	0.000000e+00	0.000000e+00	0.000000e+00	9.982000e+02	4.505535e+04	3.166725e+00	-1.000916e+00	5.525075e+00	3.557832e-03	4.891901e-04	6.075435e-03	8.469920e-04	
0	30	4	3	-1.417586e-01	-3.484761e-04	-1.694605e-01	1.058236e-05	1.355061e-04	1.833850e-05	0.000000e+00	0.000000e+00	0.000000e+00	9.982000e+02	4.554090e+04	3.090002e+00	-1.003141e+00	5.629260e+00	3.651612e-03	5.008314e-04	6.265004e-03	8.689111e-04	
0	30	4	4	-1.573326e-01	-2.647424e-04	-1.610925e-01	1.046885e-05	1.347132e-04	1.813740e-05	0.000000e+00	0.000000e+00	0.000000e+00	9.982000e+02	4.593987e+04	3.054942e+00	-1.002353e+00	5.681541e+00	4.063830e-03	5.016185e-04	6.291103e-03	8.706435e-04	
0	30	4	5	-1.728294e-01	-1.967241e-04	-1.526505e-01	1.037789e-05	1.340337e-04	1.796561e-05	0.000000e+00	0.000000e+00	0.000000e+00	9.982000e+02	4.660803e+04	3.088500e+00	-1.008555e+00	5.740315e+00	3.902611e-03	5.040229e-04	6.350102e-03	8.740762e-04	
0	30	4	6	-1.882683e-01	-1.412792e-04	-1.441499e-01	1.030142e-05	1.335810e-04	1.784723e-05	0.000000e+00	0.000000e+00	0.000000e+00	9.982000e+02	4.738763e+04	3.153950e+00	-1.014974e+00	5.776305e+00	2.858376e-03	5.031325e-04	6.404447e-03	8.725724e-04	
0	30	4	7	-2.034903e-01	-9.491427e-05	-1.357117e-01	1.000164e-05	1.300819e-04	1.732941e-05	0.000000e+00	0.000000e+00	0.000000e+00	9.982000e+02	4.739793e+04	3.287481e+00	-1.024186e+00	5.790608e+00	1.759730e-03	4.832555e-04	6.208171e-03	8.374827e-04	
0	30	4	8	-2.135869e-01	-6.603966e-05	-1.301013e-01	3.427067e-06	4.465779e-05	5.937958e-06	0.000000e+00	0.000000e+00	0.000000e+00	9.982000e+02	4.791661e+04	3.364265e+00	-1.030873e+00	5.811249e+00	3.223641e-04	1.656131e-04	2.143615e-03	2.869461e-04	
0	31	4	1	-1.120590e-01	-1.821148e-03	-1.762340e-01	4.034758e-06	4.696579e-05	6.981196e-06	0.000000e+00	0.000000e+00	0.000000e+00	9.982000e+02	4.315878e+04	3.130849e+00	-1.062508e+00	5.338527e+00	1.125254e-03	1.785556e-04	2.036222e-03	3.088597e-04	
0	31	4	2	-1.223623e-01	-1.731897e-03	-1.708858e-01	1.164955e-05	1.364945e-04	2.017367e-05	0.000000e+00	0.000000e+00	0.000000e+00	9.982000e+02	4.423060e+04	3.261908e+00	-1.107298e+00	5.608315e+00	3.883447e-03	5.361159e-04	6.128874e-03	9.282411e-04	
0	31	4	3	-1.378287e-01	-1.616455e-03	-1.627436e-01	1.181635e-05	1.395972e-04	2.048762e-05	0.000000e+00	0.000000e+00	0.000000e+00	9.982000e+02	4.468013e+04	3.185794e+00	-1.108785e+00	5.717541e+00	4.094023e-03	5.502056e-04	6.341563e-03	9.547619e-04	
0	31	4	4	-1.534000e-01	-1.522642e-03	-1.544006e-01	1.172130e-05	1.391961e-04	2.030914e-05	0.000000e+00	0.000000e+00	0.000000e+00	9.982000e+02	4.490830e+04	3.162804e+00	-1.112111e+00	5.796865e+00	4.550996e-03	5.508883e-04	6.366254e-03	9.559532e-04	
0	31	4	5	-1.689009e-01	-1.446068e-03	-1.459759e-01	1.165273e-05	1.389767e-04	2.016969e-05	0.000000e+00	0.000000e+00	0.000000e+00	9.982000e+02	4.548115e+04	3.203736e+00	-1.119714e+00	5.864340e+00	4.336408e-03	5.539736e-04	6.436605e-03	9.602590e-04	
0	31	4	6	-1.843593e-01	-1.383805e-03	-1.374784e-01	1.159669e-05	1.389917e-04	2.008878e-05	0.000000e+00	0.000000e+00	0.000000e+00	9.982000e+02	4.622233e+04	3.267560e+00	-1.126244e+00	5.906069e+00	3.174466e-03	5.537028e-04	6.508538e-03	9.599528e-04	
0	31	4	7	-1.996108e-01	-1.331745e-03	-1.290352e-01	1.127259e-05	1.355990e-04	1.952860e-05	0.000000e+00	0.000000e+00	0.000000e+00	9.982000e+02	4.621214e+04	3.393471e+00	-1.136184e+00	5.930387e+00	1.939951e-03	5.319480e-04	6.317447e-03	9.216454e-04	
0	31	4	8	-2.097247e-01	-1.299310e-03	-1.234219e-01	3.861968e-06	4.654934e-05	6.687925e-06	0.000000e+00	0.000000e+00	0.000000e+00	9.982000e+02	4.706586e+04	3.446203e+00	-1.138501e+00	5.934182e+00	3.540080e-04	1.835252e-04	2.196967e-03	3.178060e-04	
0	32	4	1	-1.080868e-01	-3.232363e-03	-1.694209e-01	4.340603e-06	4.658274e-05	7.512412e-06	0.000000e+00	0.000000e+00	0.000000e+00	9.982000e+02	4.205757e+04	3.229917e+00	-1.181220e+00	5.458258e+00	1.128043e-03	1.871042e-04	1.967531e-03	3.236778e-04	
0	32	4	2	-1.183792e-01	-3.136227e-03	-1.640723e-01	1.258200e-05	1.357645e-04	2.177510e-05	0.000000e+00	0.000000e+00	0.000000e+00	9.982000e+02	4.325180e+04	3.357134e+00	-1.226002e+00	5.704134e+00	3.880585e-03	5.657689e-04	5.959618e-03	9.787385e-04	
0	32	4	3	-1.338312e-01	-3.012117e-03	-1.559317e-01	1.280447e-05	1.393668e-04	2.221914e-05	0.000000e+00	0.000000e+00	0.000000e+00	9.982000e+02	4.361859e+04	3.283296e+00	-1.230080e+00	5.823420e+00	4.236689e-03	5.824774e-04	6.183356e-03	1.011288e-03	
0	32	4	4	-1.493983e-01	-2.911406e-03	-1.475890e-01	1.276749e-05	1.395266e-04	2.213095e-05	0.000000e+00	0.000000e+00	0.000000e+00	9.982000e+02	4.363416e+04	3.271858e+00	-1.240760e+00	5.934934e+00	4.811279e-03	5.843697e-04	6.208402e-03	1.014208e-03	
0	32	4	5	-1.649100e-01	-2.828521e-03	-1.391552e-01	1.275157e-05	1.398163e-04	2.205980e-05	0.000000e+00	0.000000e+00	0.000000e+00	9.982000e+02	4.408620e+04	3.321893e+00	-1.251873e+00	6.014239e+00	4.378115e-03	5.876580e-04	6.278713e-03	1.017803e-03	
0	32	4	6	-1.803861e-01	-2.760942e-03	-1.306432e-01	1.271249e-05	1.401154e-04	2.201590e-05	0.000000e+00	0.000000e+00	0.000000e+00	9.982000e+02	4.476345e+04	3.384564e+00	-1.259610e+00	6.062187e+00	3.073857e-03	5.869637e-04	6.350968e-03	1.017141e-03	
0	32	4	7	-1.956461e-01	-2.704877e-03	-1.221919e-01	1.236377e-05	1.367544e-04	2.142613e-05	0.000000e+00	0.000000e+00	0.000000e+00	9.982000e+02	4.462114e+04	3.516271e+00	-1.274183e+00	6.103568e+00	1.507543e-03	5.606244e-04	6.140455e-03	9.715639e-04	
0	32	4	8	-2.057605e-01	-2.669901e-03	-1.165779e-01	4.243157e-06	4.698483e-05	7.348681e-06	0.000000e+00	0.000000e+00	0.000000e+00	9.982000e+02	4.556907e+04	3.552316e+00	-1.273814e+00	6.093190e+00	3.644206e-04	1.952418e-04	2.147131e-03	3.381157e-04	
0	33	4	1	-1.041861e-01	-4.716905e-03	-1.627716e-01	4.455542e-06	4.478648e-05	7.726756e-06	0.000000e+00	0.000000e+00	0.000000e+00	9.982000e+02	4.096119e+04	3.328493e+00	-1.293927e+00	5.580636e+00	1.062796e-03	1.868200e-04	1.840944e-03	3.237773e-04	
0	33	4	2	-1.144593e-01	-4.619276e-03	-1.574030e-01	1.300133e-05	1.308906e-04	2.248340e-05	0.000000e+00	0.000000e+00	0.000000e+00	9.982000e+02	4.231237e+04	3.435457e+00	-1.337250e+00	5.798411e+00	3.593741e-03	5.703633e-04	5.613094e-03	9.858239e-04	
0	33	4	3	-1.298925e-01	-4.492844e-03	-1.492341e-01	1.329790e-05	1.350014e-04	2.308941e-05	0.000000e+00	0.000000e+00	0.000000e+00	9.982000e+02	4.251480e+04	3.375985e+00	-1.348060e+00	5.937633e+00	4.095327e-03	5.891849e-04	5.835729e-03	1.023325e-03	
0	33	4	4	-1.454576e-01	-4.390267e-03	-1.408630e-01	1.332584e-05	1.357023e-04	2.309746e-05	0.000000e+00	0.000000e+00	0.000000e+00	9.982000e+02	4.224983e+04	3.377068e+00	-1.367083e+00	6.083529e+00	4.690837e-03	5.906785e-04	5.847642e-03	1.024896e-03	
0	33	4	5	-1.609725e-01	-4.305297e-03	-1.324021e-01	1.335295e-05	1.362610e-04	2.309324e-05	0.000000e+00	0.000000e+00	0.000000e+00	9.982000e+02	4.251043e+04	3.436903e+00	-1.384763e+00	6.183470e+00	4.260437e-03	5.935219e-04	5.901522e-03	1.027489e-03	
0	33	4	6	-1.764451e-01	-4.235975e-03	-1.238704e-01	1.334493e-05	1.366937e-04	2.310689e-05	0.000000e+00	0.000000e+00	0.000000e+00	9.982000e+02	4.310576e+04	3.508561e+00	-1.396907e+00	6.237401e+00	2.783720e-03	5.920313e-04	5.960390e-03	1.025562e-03	
0	33	4	7	-1.916997e-01	-4.178896e-03	-1.154034e-01	1.300733e-05	1.336921e-04	2.254836e-05	0.000000e+00	0.000000e+00	0.000000e+00	9.982000e+02	4.271878e+04	3.651643e+00	-1.418913e+00	6.306419e+00	1.074522e-03	5.619875e-04	5.734374e-03	9.741862e-04	
0	33	4	8	-2.018125e-01	-4.143100e-03	-1.097808e-01	4.468857e-06	4.598021e-05	7.740270e-06	0.000000e+00	0.000000e+00	0.000000e+00	9.982000e+02	4.384093e+04	3.674600e+00	-1.414380e+00	6.280434e+00	3.530480e-04	1.977239e-04	2.020544e-03	3.424373e-04	
0	34	4	1	-1.004652e-01	-6.208022e-03	-1.564805e-01	4.363719e-06	4.179520e-05	7.578529e-06	0.000000e+00	0.000000e+00	0.000000e+00	9.982000e+02	3.987464e+04	3.427136e+00	-1.387766e+00	5.680111e+00	9.361862e-04	1.777476e-04	1.670405e-03	3.084416e-04	
0	34	4	2	-1.107174e-01	-6.115379e-03	-1.510709e-01	1.280935e-05	1.225790e-04	2.215267e-05	0.000000e+00	0.000000e+00	0.000000e+00	9.982000e+02	4.152091e+04	3.495798e+00	-1.426153e+00	5.870055e+00	3.111310e-03	5.492330e-04	5.147401e-03	9.493038e-04	
0	34	4	3	-1.261307e-01	-5.994491e-03	-1.428444e-01	1.318841e-05	1.269990e-04	2.289046e-05	0.000000e+00	0.000000e+00	0.000000e+00	9.982000e+02	4.142709e+04	3.447520e+00	-1.448905e+00	6.052393e+00	3.760946e-03	5.685270e-04	5.344505e-03	9.870223e-04	
0	34	4	4	-1.416823e-01	-5.895987e-03	-1.344252e-01	1.326258e-05	1.279932e-04	2.298543e-05	0.000000e+00	0.000000e+00	0.000000e+00	9.982000e+02	4.089245e+04	3.464936e+00	-1.478133e+00	6.231642e+00	4.178310e-03	5.673352e-04	5.329487e-03	9.842002e-04	
0	34	4	5	-1.571829e-01	-5.814141e-03	-1.259282e-01	1.333360e-05	1.287889e-04	2.305962e-05	0.000000e+00	0.000000e+00	0.000000e+00	9.982000e+02	4.088422e+04	3.543182e+00	-1.505655e+00	6.360398e+00	3.981739e-03	5.701072e-04	5.364587e-03	9.868931e-04	
0	34	4	6	-1.726456e-01	-5.747522e-03	-1.173657e-01	1.336489e-05	1.294804e-04	2.314498e-05	0.000000e+00	0.000000e+00	0.000000e+00	9.982000e+02	4.130248e+04	3.632032e+00	-1.523694e+00	6.426738e+00	2.324572e-03	5.663146e-04	5.401224e-03	9.810477e-04	
0	34	4	7	-1.878908e-01	-5.692882e-03	-1.088720e-01	1.305440e-05	1.267598e-04	2.262653e-05	0.000000e+00	0.000000e+00	0.000000e+00	9.982000e+02	4.057576e+04	3.791411e+00	-1.555571e+00	6.527266e+00	9.651414e-04	5.353678e-04	5.161459e-03	9.278835e-04	
0	34	4	8	-1.979957e-01	-5.658401e-03	-1.032344e-01	4.491942e-06	4.364662e-05	7.781329e-06	0.000000e+00	0.000000e+00	0.000000e+00	9.982000e+02	4.180995e+04	3.810860e+00	-1.549470e+00	6.491305e+00	3.181942e-04	1.893299e-04	1.827382e-03	3.279384e-04	
0	35	4	1	-9.701483e-02	-7.641059e-03	-1.506967e-01	4.114361e-06	3.799268e-05	7.132810e-06	0.000000e+00	0.000000e+00	0.000000e+00	9.982000e+02	3.916890e+04	3.503808e+00	-1.460162e+00	5.756434e+00	7.876633e-04	1.642543e-04	1.490103e-03	2.845065e-04	
0	35	4	2	-1.072462e-01	-7.558652e-03	-1.452287e-01	1.209534e-05	1.117552e-04	2.094060e-05	0.000000e+00	0.000000e+00	0.000000e+00	9.982000e+02	4.106644e+04	3.536399e+00	-1.490501e+00	5.911834e+00	2.565631e-03	5.107555e-04	4.631492e-03	8.837262e-04	
0	35	4	3	-1.226298e-01	-7.450602e-03	-1.369274e-01	1.252280e-05	1.160783e-04	2.171566e-05	0.000000e+00	0.000000e+00	0.000000e+00	9.982000e+02	4.053200e+04	3.490935e+00	-1.527751e+00	6.153280e+00	3.292251e-03	5.267923e-04	4.771559e-03	9.138339e-04	
0	35	4	4	-1.381548e-01	-7.361815e-03	-1.284470e-01	1.263397e-05	1.173632e-04	2.189487e-05	0.000000e+00	0.000000e+00	0.000000e+00	9.982000e+02	3.969367e+04	3.517822e+00	-1.567248e+00	6.371049e+00	3.513452e-03	5.224274e-04	4.732894e-03	9.063424e-04	
0	35	4	5	-1.536396e-01	-7.288015e-03	-1.198985e-01	1.274776e-05	1.184411e-04	2.204608e-05	0.000000e+00	0.000000e+00	0.000000e+00	9.982000e+02	3.930319e+04	3.631228e+00	-1.606414e+00	6.530660e+00	3.725418e-03	5.249289e-04	4.745692e-03	9.087534e-04	
0	35	4	6	-1.690862e-01	-7.228061e-03	-1.112954e-01	1.279999e-05	1.192095e-04	2.216862e-05	0.000000e+00	0.000000e+00	0.000000e+00	9.982000e+02	3.945434e+04	3.741895e+00	-1.633279e+00	6.622247e+00	1.902627e-03	5.168841e-04	4.744494e-03	8.954746e-04	
0	35	4	7	-1.843138e-01	-7.179037e-03	-1.027713e-01	1.252856e-05	1.168627e-04	2.172074e-05	0.000000e+00	0.000000e+00	0.000000e+00	9.982000e+02	3.837985e+04	3.932795e+00	-1.676576e+00	6.751933e+00	8.475836e-04	4.856824e-04	4.497790e-03	8.419703e-04	
0	35	4	8	-1.944087e-01	-7.147904e-03	-9.711223e-02	4.323543e-06	4.029425e-05	7.476282e-06	0.000000e+00	0.000000e+00	0.000000e+00	9.982000e+02	3.963712e+04	3.961723e+00	-1.670713e+00	6.713424e+00	2.674540e-04	1.725784e-04	1.598067e-03	2.983862e-04	
0	36	4	1	-9.389906e-02	-8.966193e-03	-1.455143e-01	3.740269e-06	3.371018e-05	6.479220e-06	0.000000e+00	0.000000e+00	0.000000e+00	9.982000e+02	3.873798e+04	3.553873e+00	-1.509040e+00	5.799709e+00	1.261154e-05	1.451966e-04	1.308200e-03	2.515177e-04	
0	36	4	2	-1.041020e-01	-8.897777e-03	-1.399818e-01	1.101219e-05	9.931357e-05	1.908185e-05	0.000000e+00	0.000000e+00	0.000000e+00	9.982000e+02	4.086071e+04	3.553330e+00	-1.532210e+00	5.923915e+00	2.046286e-03	4.605815e-04	4.085036e-03	7.976141e-04	
0	36	4	3	-1.194504e-01	-8.807535e-03	-1.315962e-01	1.146024e-05	1.034898e-04	1.986778e-05	0.000000e+00	0.000000e+00	0.000000e+00	9.982000e+02	3.992755e+04	3.513782e+00	-1.585235e+00	6.230534e+00	2.692774e-03	4.731530e-04	4.183071e-03	8.206455e-04	
0	36	4	4	-1.349531e-01	-8.732494e-03	-1.230429e-01	1.160244e-05	1.048383e-04	2.010543e-05	0.000000e+00	0.000000e+00	0.000000e+00	9.982000e+02	3.879662e+04	3.546507e+00	-1.635502e+00	6.481587e+00	2.843305e-03	4.664207e-04	4.118818e-03	8.092001e-04	
0	36	4	5	-1.504128e-01	-8.670304e-03	-1.144373e-01	1.171853e-05	1.058456e-04	2.026736e-05	0.000000e+00	0.000000e+00	0.000000e+00	9.982000e+02	3.796233e+04	3.684978e+00	-1.688007e+00	6.684914e+00	3.127717e-03	4.649122e-04	4.089975e-03	8.050491e-04	
0	36	4	6	-1.658324e-01	-8.620042e-03	-1.057900e-01	1.180029e-05	1.067959e-04	2.043499e-05	0.000000e+00	0.000000e+00	0.000000e+00	9.982000e+02	3.775276e+04	3.825117e+00	-1.727760e+00	6.820666e+00	1.569406e-03	4.553044e-04	4.063614e-03	7.887765e-04	
0	36	4	7	-1.810476e-01	-8.578986e-03	-9.722332e-02	1.158153e-05	1.050339e-04	2.007802e-05	0.000000e+00	0.000000e+00	0.000000e+00	9.982000e+02	3.616301e+04	4.058929e+00	-1.780397e+00	6.972476e+00	7.620634e-04	4.228977e-04	3.805888e-03	7.330966e-04	
0	36	4	8	-1.911354e-01	-8.552550e-03	-9.153897e-02	3.993552e-06	3.615206e-05	6.905692e-06	0.000000e+00	0.000000e+00	0.000000e+00	9.982000e+02	3.730333e+04	4.101339e+00	-1.778427e+00	6.938463e+00	2.124585e-04	1.498366e-04	1.348150e-03	2.590663e-04	
0	37	4	1	-9.114634e-02	-1.015384e-02	-1.409872e-01	3.311060e-06	2.916256e-05	5.727415e-06	0.000000e+00	0.000000e+00	0.000000e+00	9.982000e+02	3.845267e+04	3.588606e+00	-1.543984e+00	5.786983e+00	7.680997e-05	1.278248e-04	1.123282e-03	2.210768e-04	
0	37	4	2	-1.013203e-01	-1.010107e-02	-1.353850e-01	9.754099e-06	8.619872e-05	1.691313e-05	0.000000e+00	0.000000e+00	0.000000e+00	9.982000e+02	4.081595e+04	3.550917e+00	-1.561852e+00	5.912192e+00	1.642171e-03	4.061798e-04	3.535367e-03	7.038928e-04	
0	37	4	3	-1.166409e-01	-1.003098e-02	-1.269048e-01	1.019513e-05	9.017771e-05	1.767034e-05	0.000000e+00	0.000000e+00	0.000000e+00	9.982000e+02	3.942224e+04	3.506736e+00	-1.628748e+00	6.288792e+00	2.098705e-03	4.137375e-04	3.591085e-03	7.175388e-04	
0	37	4	4	-1.321123e-01	-9.971975e-03	-1.182777e-01	1.032348e-05	9.146685e-05	1.788412e-05	0.000000e+00	0.000000e+00	0.000000e+00	9.982000e+02	3.804292e+04	3.544754e+00	-1.684592e+00	6.569520e+00	2.308532e-03	4.055258e-04	3.516631e-03	7.035143e-04	
0	37	4	5	-1.475353e-01	-9.923153e-03	-1.096176e-01	1.045251e-05	9.259354e-05	1.807853e-05	0.000000e+00	0.000000e+00	0.000000e+00	9.982000e+02	3.691610e+04	3.707225e+00	-1.748580e+00	6.812359e+00	2.435209e-03	4.009707e-04	3.467821e-03	6.944912e-04	
0	37	4	6	-1.629480e-01	-9.884177e-03	-1.009095e-01	1.057580e-05	9.382647e-05	1.830600e-05	0.000000e+00	0.000000e+00	0.000000e+00	9.982000e+02	3.622755e+04	3.874968e+00	-1.802221e+00	6.998534e+00	1.883923e-03	3.951333e-04	3.437418e-03	6.844992e-04	
0	37	4	7	-1.781595e-01	-9.852620e-03	-9.229044e-02	1.036477e-05	9.209750e-05	1.797048e-05	0.000000e+00	0.000000e+00	0.000000e+00	9.982000e+02	3.409666e+04	4.175149e+00	-1.868728e+00	7.169022e+00	7.406946e-04	3.570838e-04	3.144048e-03	6.190617e-04	
0	37	4	8	-1.882249e-01	-9.831788e-03	-8.659020e-02	3.560343e-06	3.160505e-05	6.166387e-06	0.000000e+00	0.000000e+00	0.000000e+00	9.982000e+02	3.513895e+04	4.252428e+00	-1.873177e+00	7.145473e+00	1.714849e-04	1.258358e-04	1.110249e-03	2.179054e-04	
0	38	4	1	-8.876260e-02	-1.119433e-02	-1.371209e-01	2.883426e-06	2.477290e-05	4.968282e-06	0.000000e+00	0.000000e+00	0.000000e+00	9.982000e+02	3.859132e+04	3.593360e+00	-1.565066e+00	5.718281e+00	1.414861e-04	1.119851e-04	9.575218e-04	1.928886e-04	
0	38	4	2	-9.892021e-02	-1.115706e-02	-1.314406e-01	8.495116e-06	7.349011e-05	1.473476e-05	0.000000e+00	0.000000e+00	0.000000e+00	9.982000e+02	4.116003e+04	3.532205e+00	-1.583316e+00	5.860397e+00	1.300969e-03	3.555393e-04	3.033888e-03	6.163353e-04	
0	38	4	3	-1.142076e-01	-1.110776e-02	-1.228670e-01	8.884328e-06	7.691041e-05	1.538912e-05	0.000000e+00	0.000000e+00	0.000000e+00	9.982000e+02	3.918775e+04	3.481758e+00	-1.667525e+00	6.323750e+00	1.719808e-03	3.581113e-04	3.045435e-03	6.208123e-04	
0	38	4	4	-1.296332e-01	-1.106543e-02	-1.141736e-01	9.012467e-06	7.809518e-05	1.561256e-05	0.000000e+00	0.000000e+00	0.000000e+00	9.982000e+02	3.758600e+04	3.528735e+00	-1.734613e+00	6.639676e+00	1.880087e-03	3.495200e-04	2.967952e-03	6.064760e-04	
0	38	4	5	-1.450496e-01	-1.103043e-02	-1.054416e-01	9.179664e-06	7.952232e-05	1.587362e-05	0.000000e+00	0.000000e+00	0.000000e+00	9.982000e+02	3.607195e+04	3.694873e+00	-1.805962e+00	6.910621e+00	1.934162e-03	3.427265e-04	2.903623e-03	5.936590e-04	
0	38	4	6	-1.604829e-01	-1.100343e-02	-9.665696e-02	9.291937e-06	8.060145e-05	1.608624e-05	0.000000e+00	0.000000e+00	0.000000e+00	9.982000e+02	3.487800e+04	3.873826e+00	-1.871323e+00	7.138774e+00	2.298571e-03	3.392794e-04	2.861560e-03	5.883583e-04	
0	38	4	7	-1.756727e-01	-1.098207e-02	-8.799823e-02	9.070136e-06	7.877707e-05	1.573303e-05	0.000000e+00	0.000000e+00	0.000000e+00	9.982000e+02	3.218662e+04	4.268898e+00	-1.959492e+00	7.350368e+00	6.940351e-04	2.958311e-04	2.542295e-03	5.131098e-04	
0	38	4	8	-1.856924e-01	-1.096700e-02	-8.229424e-02	3.110643e-06	2.699000e-05	5.384341e-06	0.000000e+00	0.000000e+00	0.000000e+00	9.982000e+02	3.280591e+04	4.381285e+00	-1.970033e+00	7.343993e+00	1.595995e-04	1.028178e-04	8.857375e-04	1.779332e-04	
0	39	4	1	-8.675232e-02	-1.209962e-02	-1.338672e-01	2.527757e-06	2.074965e-05	4.354847e-06	0.000000e+00	0.000000e+00	0.000000e+00	9.982000e+02	3.944409e+04	3.543320e+00	-1.609346e+00	5.611382e+00	1.816440e-04	1.005295e-04	8.196356e-04	1.731035e-04	
0	39	4	2	-9.688935e-02	-1.207720e-02	-1.281170e-01	7.436552e-06	6.145828e-05	1.289119e-05	0.000000e+00	0.000000e+00	0.000000e+00	9.982000e+02	4.156616e+04	3.489273e+00	-1.637317e+00	5.792989e+00	1.260868e-03	3.149582e-04	2.564495e-03	5.456539e-04	
0	39	4	3	-1.121264e-01	-1.204732e-02	-1.194669e-01	7.753501e-06	6.424174e-05	1.343181e-05	0.000000e+00	0.000000e+00	0.000000e+00	9.982000e+02	3.912537e+04	3.457225e+00	-1.746932e+00	6.359557e+00	1.784052e-03	3.152090e-04	2.557536e-03	5.467162e-04	
0	39	4	4	-1.275315e-01	-1.202098e-02	-1.106997e-01	7.911762e-06	6.570387e-05	1.370358e-05	0.000000e+00	0.000000e+00	0.000000e+00	9.982000e+02	3.723650e+04	3.510286e+00	-1.819755e+00	6.698429e+00	1.869657e-03	3.069001e-04	2.490861e-03	5.327259e-04	
0	39	4	5	-1.429815e-01	-1.199938e-02	-1.018755e-01	8.078177e-06	6.713141e-05	1.396725e-05	0.000000e+00	0.000000e+00	0.000000e+00	9.982000e+02	3.561266e+04	3.669488e+00	-1.893822e+00	6.980054e+00	1.904737e-03	3.000221e-04	2.431633e-03	5.199547e-04	
0	39	4	6	-1.584289e-01	-1.198481e-02	-9.302081e-02	8.149946e-06	6.782785e-05	1.412178e-05	0.000000e+00	0.000000e+00	0.000000e+00	9.982000e+02	3.410962e+04	3.857386e+00	-1.973167e+00	7.251086e+00	2.253092e-03	2.936480e-04	2.367239e-03	5.100984e-04	
0	39	4	7	-1.735710e-01	-1.197365e-02	-8.433977e-02	7.936041e-06	6.610708e-05	1.376435e-05	0.000000e+00	0.000000e+00	0.000000e+00	9.982000e+02	3.028815e+04	4.342485e+00	-2.090326e+00	7.535643e+00	5.054904e-04	2.440655e-04	2.013733e-03	4.233117e-04	
0	39	4	8	-1.835363e-01	-1.196359e-02	-7.863891e-02	2.717069e-06	2.261282e-05	4.701173e-06	0.000000e+00	0.000000e+00	0.000000e+00	9.982000e+02	3.056655e+04	4.491884e+00	-2.108453e+00	7.545628e+00	9.330933e-05	8.393846e-05	6.948990e-04	1.452123e-04	
0	40	4	1	-8.508969e-02	-1.288811e-02	-1.311684e-01	2.195273e-06	1.709783e-05	3.793650e-06	0.000000e+00	0.000000e+00	0.000000e+00	9.982000e+02	4.044712e+04	3.460232e+00	-1.665415e+00	5.503627e+00	2.813431e-04	8.992722e-05	6.923408e-04	1.552690e-04	
0	40	4	2	-9.518725e-02	-1.288072e-02	-1.253695e-01	6.476931e-06	5.046523e-05	1.122118e-05	0.000000e+00	0.000000e+00	0.000000e+00	9.982000e+02	4.246663e+04	3.454406e+00	-1.721133e+00	5.746583e+00	2.399793e-04	2.763797e-04	2.146540e-03	4.787662e-04	
0	40	4	3	-1.103833e-01	-1.286908e-02	-1.166504e-01	6.799854e-06	5.303564e-05	1.178024e-05	0.000000e+00	0.000000e+00	0.000000e+00	9.982000e+02	3.952609e+04	3.440200e+00	-1.866139e+00	6.415745e+00	1.465751e-03	2.786016e-04	2.130971e-03	4.833264e-04	
0	40	4	4	-1.258123e-01	-1.285839e-02	-1.077913e-01	6.991013e-06	5.452625e-05	1.210781e-05	0.000000e+00	0.000000e+00	0.000000e+00	9.982000e+02	3.725362e+04	3.488487e+00	-1.954364e+00	6.787032e+00	1.632705e-03	2.714071e-04	2.069316e-03	4.712729e-04	
0	40	4	5	-1.413031e-01	-1.285103e-02	-9.887667e-02	7.150510e-06	5.562805e-05	1.237467e-05	0.000000e+00	0.000000e+00	0.000000e+00	9.982000e+02	3.531264e+04	3.640122e+00	-2.038348e+00	7.059631e+00	1.695317e-03	2.633469e-04	1.997348e-03	4.570396e-04	
0	40	4	6	-1.567403e-01	-1.284890e-02	-8.997182e-02	7.193890e-06	5.597629e-05	1.246580e-05	0.000000e+00	0.000000e+00	0.000000e+00	9.982000e+02	3.338581e+04	3.838898e+00	-2.132046e+00	7.358324e+00	1.996549e-03	2.536563e-04	1.909959e-03	4.409573e-04	
0	40	4	7	-1.718202e-01	-1.284655e-02	-8.128048e-02	6.979066e-06	5.444625e-05	1.209515e-05	0.000000e+00	0.000000e+00	0.000000e+00	9.982000e+02	2.861842e+04	4.422913e+00	-2.290743e+00	7.759687e+00	3.369747e-04	2.018331e-04	1.562188e-03	3.498209e-04	
0	40	4	8	-1.817307e-01	-1.284085e-02	-7.558639e-02	2.385811e-06	1.862632e-05	4.131033e-06	0.000000e+00	0.000000e+00	0.000000e+00	9.982000e+02	2.860781e+04	4.658312e+00	-2.333052e+00	7.829117e+00	-4.297728e-06	6.830332e-05	5.334186e-04	1.182682e-04	
3	1	5	1	-8.433100e-02	-1.309380e-02	-1.298973e-01	9.629449e-07	-6.040257e-07	1.663205e-06	0.000000e+00	0.000000e+00	0.000000e+00	9.982000e+02	2.535175e+04	2.230717e-01	7.328232e-01	1.369875e-01	5.801425e-05	-2.071435e-05	1.308135e-05	-3.579244e-05	
3	1	5	2	-9.440357e-02	-1.309419e-02	-1.240803e-01	2.779339e-06	-1.741367e-06	4.816646e-06	0.000000e+00	0.000000e+00	0.000000e+00	9.982000e+02	3.196829e+04	3.328219e-01	7.155651e-01	6.665144e-02	2.048176e-04	-6.899267e-05	4.362449e-05	-1.196973e-04	
3	1	5	3	-1.095849e-01	-1.309159e-02	-1.153264e-01	2.856318e-06	-1.782683e-06	4.958025e-06	0.000000e+00	0.000000e+00	0.000000e+00	9.982000e+02	3.361932e+04	1.434971e-02	7.409115e-01	2.581317e-01	1.608559e-04	-5.732921e-05	3.634917e-05	-9.925000e-05	
3	1	5	4	-1.250354e-01	-1.308863e-02	-1.064186e-01	2.887460e-06	-1.792565e-06	5.005619e-06	0.000000e+00	0.000000e+00	0.000000e+00	9.982000e+02	3.367591e+04	-1.330641e-01	6.614355e-01	3.136242e-01	3.247644e-04	-5.378969e-05	3.418549e-05	-9.309983e-05	
3	1	5	5	-1.405437e-01	-1.308920e-02	-9.746210e-02	2.890239e-06	-1.803184e-06	4.998374e-06	0.000000e+00	0.000000e+00	0.000000e+00	9.982000e+02	3.236264e+04	-1.345042e-01	6.504471e-01	3.124266e-01	2.422991e-04	-4.831450e-05	3.074207e-05	-8.343659e-05	
3	1	5	6	-1.559681e-01	-1.309367e-02	-8.853824e-02	2.855036e-06	-1.799668e-06	4.930200e-06	0.000000e+00	0.000000e+00	0.000000e+00	9.982000e+02	3.023708e+04	-1.269058e-01	7.437789e-01	3.449912e-01	2.175725e-04	-3.846140e-05	2.483147e-05	-6.631464e-05	
3	1	5	7	-1.710128e-01	-1.309530e-02	-7.984539e-02	2.728789e-06	-1.733909e-06	4.733073e-06	0.000000e+00	0.000000e+00	0.000000e+00	9.982000e+02	2.294338e+04	6.719598e-02	8.445959e-01	2.706675e-01	6.185675e-05	-3.879031e-06	2.678322e-06	-6.722424e-06	
3	1	5	8	-1.808943e-01	-1.309155e-02	-7.415556e-02	9.240873e-07	-5.915205e-07	1.612354e-06	0.000000e+00	0.000000e+00	0.000000e+00	9.982000e+02	1.961131e+04	1.941166e-01	8.705631e-01	2.081274e-01	-1.563251e-18	3.306729e-06	-2.116681e-06	5.769606e-06	
3	1	6	1	-8.431634e-02	-1.275186e-02	-1.297811e-01	1.084280e-06	-6.852980e-07	1.873006e-06	0.000000e+00	0.000000e+00	0.000000e+00	9.982000e+02	3.245836e+04	1.496014e-01	7.993280e-02	-5.735808e-02	-7.215004e-19	-4.166482e-05	2.633343e-05	-7.197259e-05	
3	1	6	2	-9.438442e-02	-1.275214e-02	-1.239672e-01	3.129599e-06	-1.974273e-06	5.424147e-06	0.000000e+00	0.000000e+00	0.000000e+00	9.982000e+02	3.665953e+04	7.155194e-02	1.298671e-01	5.985127e-03	-8.417505e-19	-1.316954e-04	8.307856e-05	-2.282512e-04	
3	1	6	3	-1.095618e-01	-1.274901e-02	-1.152162e-01	3.217920e-06	-2.020240e-06	5.586116e-06	0.000000e+00	0.000000e+00	0.000000e+00	9.982000e+02	3.492217e+04	-4.232638e-01	1.677087e-01	3.044765e-01	1.871219e-05	-1.283001e-04	8.053986e-05	-2.227065e-04	
3	1	6	4	-1.250115e-01	-1.274545e-02	-1.063091e-01	3.253653e-06	-2.030200e-06	5.640745e-06	0.000000e+00	0.000000e+00	0.000000e+00	9.982000e+02	3.166394e+04	-8.756700e-01	6.431543e-02	5.282457e-01	-3.607502e-19	-1.190225e-04	7.426714e-05	-2.063452e-04	
3	1	6	5	-1.405187e-01	-1.274636e-02	-9.735260e-02	3.257544e-06	-2.040933e-06	5.632233e-06	0.000000e+00	0.000000e+00	0.000000e+00	9.982000e+02	2.765561e+04	-9.876132e-01	4.360683e-02	5.870125e-01	-1.082251e-18	-1.048081e-04	6.566490e-05	-1.812113e-04	
3	1	6	6	-1.559398e-01	-1.275193e-02	-8.842962e-02	3.217017e-06	-2.035774e-06	5.554857e-06	0.000000e+00	0.000000e+00	0.000000e+00	9.982000e+02	2.385749e+04	-9.366946e-01	1.018624e-01	5.798045e-01	5.411253e-19	-8.754688e-05	5.540092e-05	-1.511681e-04	
3	1	6	7	-1.709801e-01	-1.275396e-02	-7.973895e-02	3.074637e-06	-1.960642e-06	5.332742e-06	0.000000e+00	0.000000e+00	0.000000e+00	9.982000e+02	1.451723e+04	-6.194523e-01	6.357090e-02	3.805230e-01	4.810003e-19	-5.404167e-05	3.446143e-05	-9.373147e-05	
3	1	6	8	-1.808584e-01	-1.274976e-02	-7.405048e-02	1.041218e-06	-6.687411e-07	1.816570e-06	0.000000e+00	0.000000e+00	0.000000e+00	9.982000e+02	1.333569e+04	-1.707620e-01	7.498694e-02	1.254822e-01	2.104376e-19	-1.696381e-05	1.089531e-05	-2.959607e-05	
3	1	7	1	-8.429934e-02	-1.238975e-02	-1.296580e-01	1.082600e-06	-6.896445e-07	1.870384e-06	0.000000e+00	0.000000e+00	0.000000e+00	9.982000e+02	3.289588e+04	-9.706174e-03	-7.447064e-01	-2.689687e-01	-7.665942e-19	-3.796572e-05	2.418515e-05	-6.559254e-05	
3	1	7	2	-9.436279e-02	-1.238988e-02	-1.238474e-01	3.124826e-06	-1.985398e-06	5.416474e-06	0.000000e+00	0.000000e+00	0.000000e+00	9.982000e+02	3.670690e+04	-5.608807e-01	-6.113618e-01	9.948507e-02	-6.613754e-19	-1.223847e-04	7.775865e-05	-2.121376e-04	
3	1	7	3	-1.095360e-01	-1.238616e-02	-1.150994e-01	3.214831e-06	-2.031711e-06	5.581239e-06	0.000000e+00	0.000000e+00	0.000000e+00	9.982000e+02	3.500955e+04	-1.346300e+00	-4.898547e-01	5.971585e-01	3.487252e-18	-1.206468e-04	7.624643e-05	-2.094538e-04	
3	1	7	4	-1.249853e-01	-1.238192e-02	-1.061930e-01	3.251207e-06	-2.040532e-06	5.636917e-06	0.000000e+00	0.000000e+00	0.000000e+00	9.982000e+02	3.316220e+04	-1.797008e+00	-4.953124e-01	8.571609e-01	-9.018755e-19	-1.161330e-04	7.288776e-05	-2.013505e-04	
3	1	7	5	-1.404913e-01	-1.238317e-02	-9.723653e-02	3.255859e-06	-2.049155e-06	5.627922e-06	0.000000e+00	0.000000e+00	0.000000e+00	9.982000e+02	3.026563e+04	-1.920869e+00	-4.710872e-01	9.397337e-01	1.202501e-18	-1.063449e-04	6.693078e-05	-1.838227e-04	
3	1	7	6	-1.559090e-01	-1.238988e-02	-8.831448e-02	3.214452e-06	-2.042698e-06	5.550006e-06	0.000000e+00	0.000000e+00	0.000000e+00	9.982000e+02	2.774733e+04	-1.817005e+00	-4.094166e-01	9.016858e-01	-1.683501e-18	-9.618714e-05	6.112434e-05	-1.660747e-04	
3	1	7	7	-1.709448e-01	-1.239232e-02	-7.962613e-02	3.072046e-06	-1.966625e-06	5.328054e-06	0.000000e+00	0.000000e+00	0.000000e+00	9.982000e+02	2.233692e+04	-1.186224e+00	-4.222057e-01	5.281129e-01	-3.607502e-19	-7.506074e-05	4.805147e-05	-1.301829e-04	
3	1	7	8	-1.808198e-01	-1.238766e-02	-7.393909e-02	1.040357e-06	-6.706222e-07	1.814911e-06	0.000000e+00	0.000000e+00	0.000000e+00	9.982000e+02	2.167432e+04	-3.771291e-01	-3.845375e-01	7.409150e-02	3.306877e-19	-2.498962e-05	1.610851e-05	-4.359459e-05	
3	1	8	1	-8.428187e-02	-1.204845e-02	-1.295421e-01	9.584639e-07	-6.118544e-07	1.656547e-06	0.000000e+00	0.000000e+00	0.000000e+00	9.982000e+02	2.078595e+04	-1.154628e-01	-1.738651e+00	-5.753740e-01	-2.217504e-04	8.135081e-06	-4.017054e-06	1.414368e-05	
3	1	8	2	-9.434108e-02	-1.204843e-02	-1.237347e-01	2.767502e-06	-1.760479e-06	4.797291e-06	0.000000e+00	0.000000e+00	0.000000e+00	9.982000e+02	2.564988e+04	-7.352842e-01	-1.566243e+00	-1.505927e-01	-4.610971e-04	-1.371054e-06	3.185422e-06	-2.872902e-06	
3	1	8	3	-1.095106e-01	-1.204411e-02	-1.149892e-01	2.848362e-06	-1.811288e-06	4.945445e-06	0.000000e+00	0.000000e+00	0.000000e+00	9.982000e+02	2.409111e+04	-1.431164e+00	-1.434859e+00	2.987660e-01	-3.153381e-04	-4.487521e-08	1.663070e-06	-9.380576e-07	
3	1	8	4	-1.249595e-01	-1.203918e-02	-1.060835e-01	2.881152e-06	-1.818159e-06	4.995749e-06	0.000000e+00	0.000000e+00	0.000000e+00	9.982000e+02	2.194616e+04	-1.778963e+00	-1.427656e+00	5.063818e-01	-3.246737e-04	6.888303e-06	-2.582306e-06	1.079600e-05	
3	1	8	5	-1.404646e-01	-1.204074e-02	-9.712704e-02	2.885934e-06	-1.824201e-06	4.987355e-06	0.000000e+00	0.000000e+00	0.000000e+00	9.982000e+02	1.850456e+04	-1.895177e+00	-1.409811e+00	5.809846e-01	-3.082958e-04	2.105490e-05	-1.156623e-05	3.522035e-05	
3	1	8	6	-1.558792e-01	-1.204850e-02	-8.820586e-02	2.848486e-06	-1.817307e-06	4.917808e-06	0.000000e+00	0.000000e+00	0.000000e+00	9.982000e+02	1.563839e+04	-1.777509e+00	-1.340251e+00	5.342958e-01	-2.462228e-04	3.319465e-05	-1.978099e-05	5.644016e-05	
3	1	8	7	-1.709107e-01	-1.205133e-02	-7.951970e-02	2.722181e-06	-1.748960e-06	4.721118e-06	0.000000e+00	0.000000e+00	0.000000e+00	9.982000e+02	9.184007e+03	-1.111224e+00	-1.338872e+00	1.447368e-01	-3.335754e-04	5.622080e-05	-3.426329e-05	9.683051e-05	
3	1	8	8	-1.807826e-01	-1.204624e-02	-7.383401e-02	9.218838e-07	-5.962521e-07	1.608109e-06	0.000000e+00	0.000000e+00	0.000000e+00	9.982000e+02	8.604481e+03	-3.659163e-01	-1.235385e+00	-2.482846e-01	-1.073211e-04	1.925254e-05	-1.191870e-05	3.354237e-05	
