b	i	j	k	px	py	pz	nVx	nVy	nVz	velx	vely	velz	rho	p	u	v	w	mp	fx	fy	fz
2	1	1	1	-1.513350e-01	-1.452380e-02	-3.500000e-01	0.000000e+00	0.000000e+00	5.988738e-05	0.000000e+00	0.000000e+00	0.000000e+00	9.982000e+02	6.534762e+04	0.000000e+00	0.000000e+00	4.321850e+00	-2.582425e-01	-5.853047e-13	-1.738721e-11	-5.042172e-03	
2	1	1	2	-1.674512e-01	-1.691590e-02	-3.500000e-01	0.000000e+00	0.000000e+00	1.931552e-04	0.000000e+00	0.000000e+00	0.000000e+00	9.982000e+02	6.501291e+04	0.000000e+00	0.000000e+00	4.398751e+00	-8.474021e-01	-2.918782e-10	-1.742198e-10	-1.633603e-02	
2	1	1	3	-1.917446e-01	-2.055669e-02	-3.500000e-01	0.000000e+00	0.000000e+00	2.272173e-04	0.000000e+00	0.000000e+00	0.000000e+00	9.982000e+02	6.648846e+04	0.000000e+00	0.000000e+00	4.048775e+00	-9.180159e-01	-2.194595e-10	-5.146182e-11	-1.886660e-02	
2	1	1	4	-2.163332e-01	-2.431087e-02	-3.500000e-01	0.000000e+00	0.000000e+00	2.566882e-04	0.000000e+00	0.000000e+00	0.000000e+00	9.982000e+02	6.718459e+04	0.000000e+00	0.000000e+00	3.872701e+00	-9.920115e-01	-8.192360e-10	-8.196754e-11	-2.113363e-02	
2	1	1	5	-2.409099e-01	-2.812864e-02	-3.500000e-01	0.000000e+00	0.000000e+00	2.861076e-04	0.000000e+00	0.000000e+00	0.000000e+00	9.982000e+02	6.839324e+04	0.000000e+00	0.000000e+00	3.546288e+00	-1.012647e+00	8.683774e-11	3.380497e-11	-2.320516e-02	
2	1	1	6	-2.654754e-01	-3.200747e-02	-3.500000e-01	0.000000e+00	0.000000e+00	3.154661e-04	0.000000e+00	0.000000e+00	0.000000e+00	9.982000e+02	6.947537e+04	0.000000e+00	0.000000e+00	3.226143e+00	-1.015989e+00	-3.074552e-10	-6.258729e-11	-2.523780e-02	
2	1	1	7	-2.897266e-01	-3.586340e-02	-3.500000e-01	0.000000e+00	0.000000e+00	3.358509e-04	0.000000e+00	0.000000e+00	0.000000e+00	9.982000e+02	7.026182e+04	0.000000e+00	0.000000e+00	2.971911e+00	-9.966562e-01	-2.915526e-09	-1.821936e-09	-2.659728e-02	
2	1	1	8	-3.058096e-01	-3.840706e-02	-3.500000e-01	0.000000e+00	0.000000e+00	1.218039e-04	0.000000e+00	0.000000e+00	0.000000e+00	9.982000e+02	7.091975e+04	0.000000e+00	0.000000e+00	2.741174e+00	-3.349731e-01	-9.797265e-09	-1.188789e-08	-9.522824e-03	
2	1	2	1	-1.518532e-01	-7.329823e-03	-3.500000e-01	0.000000e+00	0.000000e+00	6.016320e-05	0.000000e+00	0.000000e+00	0.000000e+00	9.982000e+02	6.534611e+04	0.000000e+00	0.000000e+00	4.322200e+00	-2.594519e-01	-1.294205e-12	-1.442810e-11	-5.065510e-03	
2	1	2	2	-1.680648e-01	-8.953515e-03	-3.500000e-01	0.000000e+00	0.000000e+00	1.939237e-04	0.000000e+00	0.000000e+00	0.000000e+00	9.982000e+02	6.501234e+04	0.000000e+00	0.000000e+00	4.398881e+00	-8.508126e-01	-2.816519e-10	-1.327247e-10	-1.640077e-02	
2	1	2	3	-1.925038e-01	-1.143311e-02	-3.500000e-01	0.000000e+00	0.000000e+00	2.279482e-04	0.000000e+00	0.000000e+00	0.000000e+00	9.982000e+02	6.648692e+04	0.000000e+00	0.000000e+00	4.049157e+00	-9.210695e-01	-2.152097e-10	-2.759506e-11	-1.892729e-02	
2	1	2	4	-2.172432e-01	-1.401159e-02	-3.500000e-01	0.000000e+00	0.000000e+00	2.573564e-04	0.000000e+00	0.000000e+00	0.000000e+00	9.982000e+02	6.718141e+04	0.000000e+00	0.000000e+00	3.873524e+00	-9.948944e-01	-5.623693e-10	-4.311084e-11	-2.118712e-02	
2	1	2	5	-2.419736e-01	-1.665639e-02	-3.500000e-01	0.000000e+00	0.000000e+00	2.867052e-04	0.000000e+00	0.000000e+00	0.000000e+00	9.982000e+02	6.839112e+04	0.000000e+00	0.000000e+00	3.546888e+00	-1.014915e+00	8.321523e-11	4.299096e-11	-2.325473e-02	
2	1	2	6	-2.666956e-01	-1.936530e-02	-3.500000e-01	0.000000e+00	0.000000e+00	3.159872e-04	0.000000e+00	0.000000e+00	0.000000e+00	9.982000e+02	6.947475e+04	0.000000e+00	0.000000e+00	3.226336e+00	-1.017711e+00	-2.353577e-10	-4.218705e-11	-2.528014e-02	
2	1	2	7	-2.911026e-01	-2.206466e-02	-3.500000e-01	0.000000e+00	0.000000e+00	3.362841e-04	0.000000e+00	0.000000e+00	0.000000e+00	9.982000e+02	7.025474e+04	0.000000e+00	0.000000e+00	2.974297e+00	-9.987083e-01	-2.563359e-09	-1.619393e-09	-2.663491e-02	
2	1	2	8	-3.072885e-01	-2.383806e-02	-3.500000e-01	0.000000e+00	0.000000e+00	1.219350e-04	0.000000e+00	0.000000e+00	0.000000e+00	9.982000e+02	7.089911e+04	0.000000e+00	0.000000e+00	2.748704e+00	-3.362110e-01	-9.361714e-09	-1.114054e-08	-9.536685e-03	
2	1	3	1	-1.520295e-01	-8.553873e-05	-3.500000e-01	0.000000e+00	0.000000e+00	6.045056e-05	0.000000e+00	0.000000e+00	0.000000e+00	9.982000e+02	6.534753e+04	0.000000e+00	0.000000e+00	4.321871e+00	-2.606661e-01	-2.806949e-13	-1.039540e-11	-5.089754e-03	
2	1	3	2	-1.683001e-01	-9.383512e-04	-3.500000e-01	0.000000e+00	0.000000e+00	1.947381e-04	0.000000e+00	0.000000e+00	0.000000e+00	9.982000e+02	6.501772e+04	0.000000e+00	0.000000e+00	4.397656e+00	-8.541674e-01	-2.738910e-10	-7.319034e-11	-1.646809e-02	
2	1	3	3	-1.928295e-01	-2.253443e-03	-3.500000e-01	0.000000e+00	0.000000e+00	2.287262e-04	0.000000e+00	0.000000e+00	0.000000e+00	9.982000e+02	6.648932e+04	0.000000e+00	0.000000e+00	4.048564e+00	-9.240874e-01	-2.169610e-10	-1.353495e-11	-1.899108e-02	
2	1	3	4	-2.176636e-01	-3.652942e-03	-3.500000e-01	0.000000e+00	0.000000e+00	2.580700e-04	0.000000e+00	0.000000e+00	0.000000e+00	9.982000e+02	6.718588e+04	0.000000e+00	0.000000e+00	3.872369e+00	-9.974039e-01	-4.272453e-10	-1.415857e-11	-2.124344e-02	
2	1	3	5	-2.424918e-01	-5.121360e-03	-3.500000e-01	0.000000e+00	0.000000e+00	2.873626e-04	0.000000e+00	0.000000e+00	0.000000e+00	9.982000e+02	6.839416e+04	0.000000e+00	0.000000e+00	3.546029e+00	-1.017069e+00	3.584247e-11	2.239537e-11	-2.330525e-02	
2	1	3	6	-2.673146e-01	-6.656641e-03	-3.500000e-01	0.000000e+00	0.000000e+00	3.166008e-04	0.000000e+00	0.000000e+00	0.000000e+00	9.982000e+02	6.948031e+04	0.000000e+00	0.000000e+00	3.224607e+00	-1.019112e+00	-1.258601e-10	-3.479886e-11	-2.532825e-02	
2	1	3	7	-2.918223e-01	-8.196000e-03	-3.500000e-01	0.000000e+00	0.000000e+00	3.368290e-04	0.000000e+00	0.000000e+00	0.000000e+00	9.982000e+02	7.025331e+04	0.000000e+00	0.000000e+00	2.974779e+00	-1.000496e+00	-2.602544e-09	-1.111803e-09	-2.667834e-02	
2	1	3	8	-3.080742e-01	-9.197369e-03	-3.500000e-01	0.000000e+00	0.000000e+00	1.221021e-04	0.000000e+00	0.000000e+00	0.000000e+00	9.982000e+02	7.088585e+04	0.000000e+00	0.000000e+00	2.753534e+00	-3.372283e-01	-9.189273e-09	-7.475442e-09	-9.552255e-03	
2	1	4	1	-1.518591e-01	7.189658e-03	-3.500000e-01	0.000000e+00	0.000000e+00	6.067544e-05	0.000000e+00	0.000000e+00	0.000000e+00	9.982000e+02	6.534645e+04	0.000000e+00	0.000000e+00	4.322120e+00	-2.616512e-01	-2.196652e-12	5.940738e-13	-5.108746e-03	
2	1	4	2	-1.681521e-01	7.109110e-03	-3.500000e-01	0.000000e+00	0.000000e+00	1.953887e-04	0.000000e+00	0.000000e+00	0.000000e+00	9.982000e+02	6.501757e+04	0.000000e+00	0.000000e+00	4.397690e+00	-8.570330e-01	-2.783805e-10	-4.054656e-11	-1.652300e-02	
2	1	4	3	-1.927167e-01	6.959492e-03	-3.500000e-01	0.000000e+00	0.000000e+00	2.293509e-04	0.000000e+00	0.000000e+00	0.000000e+00	9.982000e+02	6.648885e+04	0.000000e+00	0.000000e+00	4.048680e+00	-9.266450e-01	-2.077576e-10	-1.915097e-12	-1.904287e-02	
2	1	4	4	-2.175896e-01	6.739867e-03	-3.500000e-01	0.000000e+00	0.000000e+00	2.586454e-04	0.000000e+00	0.000000e+00	0.000000e+00	9.982000e+02	6.718506e+04	0.000000e+00	0.000000e+00	3.872580e+00	-9.996921e-01	-3.920415e-10	3.858993e-12	-2.129075e-02	
2	1	4	5	-2.424598e-01	6.449491e-03	-3.500000e-01	0.000000e+00	0.000000e+00	2.879109e-04	0.000000e+00	0.000000e+00	0.000000e+00	9.982000e+02	6.839273e+04	0.000000e+00	0.000000e+00	3.546431e+00	-1.019149e+00	2.344552e-11	5.466409e-12	-2.334948e-02	
2	1	4	6	-2.673278e-01	6.090438e-03	-3.500000e-01	0.000000e+00	0.000000e+00	3.171497e-04	0.000000e+00	0.000000e+00	0.000000e+00	9.982000e+02	6.948231e+04	0.000000e+00	0.000000e+00	3.223985e+00	-1.020689e+00	-1.447865e-10	-4.149480e-12	-2.537134e-02	
2	1	4	7	-2.918812e-01	5.713082e-03	-3.500000e-01	0.000000e+00	0.000000e+00	3.373463e-04	0.000000e+00	0.000000e+00	0.000000e+00	9.982000e+02	7.024676e+04	0.000000e+00	0.000000e+00	2.976982e+00	-1.002769e+00	-2.519045e-09	-3.417010e-11	-2.672168e-02	
2	1	4	8	-3.081625e-01	5.483747e-03	-3.500000e-01	0.000000e+00	0.000000e+00	1.222625e-04	0.000000e+00	0.000000e+00	0.000000e+00	9.982000e+02	7.087104e+04	0.000000e+00	0.000000e+00	2.758916e+00	-3.383038e-01	-8.956146e-09	-2.197337e-09	-9.567294e-03	
2	1	5	1	-1.513391e-01	1.446815e-02	-3.500000e-01	0.000000e+00	0.000000e+00	6.078110e-05	0.000000e+00	0.000000e+00	0.000000e+00	9.982000e+02	6.534625e+04	0.000000e+00	0.000000e+00	4.322166e+00	-2.621096e-01	-1.978355e-12	8.041110e-12	-5.117656e-03	
2	1	5	2	-1.676180e-01	1.516030e-02	-3.500000e-01	0.000000e+00	0.000000e+00	1.957115e-04	0.000000e+00	0.000000e+00	0.000000e+00	9.982000e+02	6.501793e+04	0.000000e+00	0.000000e+00	4.397607e+00	-8.584342e-01	-2.704824e-10	4.258190e-12	-1.655018e-02	
2	1	5	3	-1.921626e-01	1.617535e-02	-3.500000e-01	0.000000e+00	0.000000e+00	2.296656e-04	0.000000e+00	0.000000e+00	0.000000e+00	9.982000e+02	6.648893e+04	0.000000e+00	0.000000e+00	4.048659e+00	-9.279138e-01	-2.002631e-10	9.546368e-12	-1.906892e-02	
2	1	5	4	-2.170184e-01	1.713473e-02	-3.500000e-01	0.000000e+00	0.000000e+00	2.589392e-04	0.000000e+00	0.000000e+00	0.000000e+00	9.982000e+02	6.718423e+04	0.000000e+00	0.000000e+00	3.872795e+00	-1.000892e+00	-3.592080e-10	1.811738e-11	-2.131492e-02	
2	1	5	5	-2.418749e-01	1.802273e-02	-3.500000e-01	0.000000e+00	0.000000e+00	2.882141e-04	0.000000e+00	0.000000e+00	0.000000e+00	9.982000e+02	6.839153e+04	0.000000e+00	0.000000e+00	3.546770e+00	-1.020305e+00	2.888388e-11	-1.257730e-11	-2.337482e-02	
2	1	5	6	-2.667324e-01	1.884166e-02	-3.500000e-01	0.000000e+00	0.000000e+00	3.174973e-04	0.000000e+00	0.000000e+00	0.000000e+00	9.982000e+02	6.948180e+04	0.000000e+00	0.000000e+00	3.224144e+00	-1.021879e+00	-2.116054e-10	2.003546e-11	-2.539876e-02	
2	1	5	7	-2.912764e-01	1.962726e-02	-3.500000e-01	0.000000e+00	0.000000e+00	3.377078e-04	0.000000e+00	0.000000e+00	0.000000e+00	9.982000e+02	7.024205e+04	0.000000e+00	0.000000e+00	2.978569e+00	-1.004370e+00	-2.427812e-09	2.012822e-10	-2.675215e-02	
2	1	5	8	-3.075505e-01	2.016885e-02	-3.500000e-01	0.000000e+00	0.000000e+00	1.223770e-04	0.000000e+00	0.000000e+00	0.000000e+00	9.982000e+02	7.086579e+04	0.000000e+00	0.000000e+00	2.760822e+00	-3.388485e-01	-8.825065e-09	2.816483e-09	-9.577030e-03	
2	1	6	1	-1.504700e-01	2.171716e-02	-3.500000e-01	0.000000e+00	0.000000e+00	6.073969e-05	0.000000e+00	0.000000e+00	0.000000e+00	9.982000e+02	6.534792e+04	0.000000e+00	0.000000e+00	4.321779e+00	-2.619059e-01	-1.701956e-12	1.996399e-11	-5.114111e-03	
2	1	6	2	-1.666981e-01	2.318141e-02	-3.500000e-01	0.000000e+00	0.000000e+00	1.956212e-04	0.000000e+00	0.000000e+00	0.000000e+00	9.982000e+02	6.501828e+04	0.000000e+00	0.000000e+00	4.397528e+00	-8.580170e-01	-2.606960e-10	5.623400e-11	-1.654264e-02	
2	1	6	3	-1.911675e-01	2.535887e-02	-3.500000e-01	0.000000e+00	0.000000e+00	2.295882e-04	0.000000e+00	0.000000e+00	0.000000e+00	9.982000e+02	6.649016e+04	0.000000e+00	0.000000e+00	4.048355e+00	-9.275310e-01	-2.068728e-10	2.113150e-11	-1.906224e-02	
2	1	6	4	-2.159505e-01	2.749501e-02	-3.500000e-01	0.000000e+00	0.000000e+00	2.588760e-04	0.000000e+00	0.000000e+00	0.000000e+00	9.982000e+02	6.718795e+04	0.000000e+00	0.000000e+00	3.871832e+00	-1.000417e+00	-3.098016e-10	3.151217e-11	-2.130826e-02	
2	1	6	5	-2.407373e-01	2.956052e-02	-3.500000e-01	0.000000e+00	0.000000e+00	2.881946e-04	0.000000e+00	0.000000e+00	0.000000e+00	9.982000e+02	6.839449e+04	0.000000e+00	0.000000e+00	3.545934e+00	-1.019991e+00	3.173459e-11	-2.902169e-11	-2.337249e-02	
2	1	6	6	-2.655282e-01	3.155804e-02	-3.500000e-01	0.000000e+00	0.000000e+00	3.175541e-04	0.000000e+00	0.000000e+00	0.000000e+00	9.982000e+02	6.948268e+04	0.000000e+00	0.000000e+00	3.223873e+00	-1.021950e+00	-1.310427e-10	2.722734e-11	-2.540371e-02	
2	1	6	7	-2.900076e-01	3.350648e-02	-3.500000e-01	0.000000e+00	0.000000e+00	3.378203e-04	0.000000e+00	0.000000e+00	0.000000e+00	9.982000e+02	7.024789e+04	0.000000e+00	0.000000e+00	2.976603e+00	-1.004019e+00	-2.264424e-09	4.521459e-10	-2.675969e-02	
2	1	6	8	-3.062382e-01	3.481723e-02	-3.500000e-01	0.000000e+00	0.000000e+00	1.224163e-04	0.000000e+00	0.000000e+00	0.000000e+00	9.982000e+02	7.087819e+04	0.000000e+00	0.000000e+00	2.756318e+00	-3.384231e-01	-8.814586e-09	9.123568e-09	-9.578144e-03	
2	1	7	1	-1.492567e-01	2.890305e-02	-3.500000e-01	0.000000e+00	0.000000e+00	6.055930e-05	0.000000e+00	0.000000e+00	0.000000e+00	9.982000e+02	6.534444e+04	0.000000e+00	0.000000e+00	4.322585e+00	-2.611855e-01	-1.273274e-12	2.123777e-11	-5.098907e-03	
2	1	7	2	-1.653970e-01	3.113750e-02	-3.500000e-01	0.000000e+00	0.000000e+00	1.951336e-04	0.000000e+00	0.000000e+00	0.000000e+00	9.982000e+02	6.501067e+04	0.000000e+00	0.000000e+00	4.399261e+00	-8.561886e-01	-2.850395e-10	1.011369e-10	-1.650360e-02	
2	1	7	3	-1.897360e-01	3.447367e-02	-3.500000e-01	0.000000e+00	0.000000e+00	2.291314e-04	0.000000e+00	0.000000e+00	0.000000e+00	9.982000e+02	6.648668e+04	0.000000e+00	0.000000e+00	4.049217e+00	-9.258763e-01	-1.996557e-10	3.100576e-11	-1.902526e-02	
2	1	7	4	-2.143901e-01	3.778300e-02	-3.500000e-01	0.000000e+00	0.000000e+00	2.584648e-04	0.000000e+00	0.000000e+00	0.000000e+00	9.982000e+02	6.718064e+04	0.000000e+00	0.000000e+00	3.873722e+00	-9.992713e-01	-4.255413e-10	6.747591e-11	-2.127749e-02	
2	1	7	5	-2.390511e-01	4.102358e-02	-3.500000e-01	0.000000e+00	0.000000e+00	2.878502e-04	0.000000e+00	0.000000e+00	0.000000e+00	9.982000e+02	6.838900e+04	0.000000e+00	0.000000e+00	3.547485e+00	-1.019131e+00	9.630189e-11	-7.329971e-11	-2.334845e-02	
2	1	7	6	-2.637190e-01	4.419850e-02	-3.500000e-01	0.000000e+00	0.000000e+00	3.172975e-04	0.000000e+00	0.000000e+00	0.000000e+00	9.982000e+02	6.947685e+04	0.000000e+00	0.000000e+00	3.225684e+00	-1.021768e+00	-3.882900e-10	1.056085e-10	-2.538314e-02	
2	1	7	7	-2.880783e-01	4.730812e-02	-3.500000e-01	0.000000e+00	0.000000e+00	3.376466e-04	0.000000e+00	0.000000e+00	0.000000e+00	9.982000e+02	7.024935e+04	0.000000e+00	0.000000e+00	2.976111e+00	-1.003321e+00	-2.130855e-09	6.378547e-10	-2.674587e-02	
2	1	7	8	-3.042288e-01	4.938581e-02	-3.500000e-01	0.000000e+00	0.000000e+00	1.223678e-04	0.000000e+00	0.000000e+00	0.000000e+00	9.982000e+02	7.088907e+04	0.000000e+00	0.000000e+00	2.752363e+00	-3.378443e-01	-8.822897e-09	1.299948e-08	-9.571957e-03	
2	1	8	1	-1.477070e-01	3.599603e-02	-3.500000e-01	0.000000e+00	0.000000e+00	6.028469e-05	0.000000e+00	0.000000e+00	0.000000e+00	9.982000e+02	6.534727e+04	0.000000e+00	0.000000e+00	4.321931e+00	-2.599581e-01	-1.195727e-12	1.906807e-11	-5.075711e-03	
2	1	8	2	-1.637225e-01	3.899707e-02	-3.500000e-01	0.000000e+00	0.000000e+00	1.943690e-04	0.000000e+00	0.000000e+00	0.000000e+00	9.982000e+02	6.501244e+04	0.000000e+00	0.000000e+00	4.398859e+00	-8.527445e-01	-2.799960e-10	1.282693e-10	-1.643888e-02	
2	1	8	3	-1.878756e-01	4.348645e-02	-3.500000e-01	0.000000e+00	0.000000e+00	2.284065e-04	0.000000e+00	0.000000e+00	0.000000e+00	9.982000e+02	6.648956e+04	0.000000e+00	0.000000e+00	4.048503e+00	-9.227801e-01	-1.929020e-10	4.388202e-11	-1.896453e-02	
2	1	8	4	-2.123448e-01	4.796370e-02	-3.500000e-01	0.000000e+00	0.000000e+00	2.578050e-04	0.000000e+00	0.000000e+00	0.000000e+00	9.982000e+02	6.718496e+04	0.000000e+00	0.000000e+00	3.872606e+00	-9.964395e-01	-3.996644e-10	8.829910e-11	-2.122189e-02	
2	1	8	5	-2.368235e-01	5.237478e-02	-3.500000e-01	0.000000e+00	0.000000e+00	2.872622e-04	0.000000e+00	0.000000e+00	0.000000e+00	9.982000e+02	6.839096e+04	0.000000e+00	0.000000e+00	3.546931e+00	-1.016877e+00	1.128780e-10	-7.214998e-11	-2.330057e-02	
2	1	8	6	-2.613117e-01	5.672310e-02	-3.500000e-01	0.000000e+00	0.000000e+00	3.167856e-04	0.000000e+00	0.000000e+00	0.000000e+00	9.982000e+02	6.947665e+04	0.000000e+00	0.000000e+00	3.225745e+00	-1.020132e+00	-3.764185e-10	1.103574e-10	-2.534243e-02	
2	1	8	7	-2.854952e-01	6.098996e-02	-3.500000e-01	0.000000e+00	0.000000e+00	3.372230e-04	0.000000e+00	0.000000e+00	0.000000e+00	9.982000e+02	7.025875e+04	0.000000e+00	0.000000e+00	2.972945e+00	-1.000974e+00	-1.953920e-09	7.333178e-10	-2.670977e-02	
2	1	8	8	-3.015290e-01	6.383168e-02	-3.500000e-01	0.000000e+00	0.000000e+00	1.222408e-04	0.000000e+00	0.000000e+00	0.000000e+00	9.982000e+02	7.090871e+04	0.000000e+00	0.000000e+00	2.745203e+00	-3.366517e-01	-9.093316e-09	1.195769e-08	-9.558740e-03	
2	1	9	1	-1.458301e-01	4.297409e-02	-3.500000e-01	0.000000e+00	0.000000e+00	5.998902e-05	0.000000e+00	0.000000e+00	0.000000e+00	9.982000e+02	6.534470e+04	0.000000e+00	0.000000e+00	4.322526e+00	-2.587254e-01	-2.547991e-12	1.330212e-11	-5.050798e-03	
2	1	9	2	-1.616840e-01	4.673601e-02	-3.500000e-01	0.000000e+00	0.000000e+00	1.935310e-04	0.000000e+00	0.000000e+00	0.000000e+00	9.982000e+02	6.500536e+04	0.000000e+00	0.000000e+00	4.400469e+00	-8.493494e-01	-3.114426e-10	1.470388e-10	-1.637013e-02	
2	1	9	3	-1.855957e-01	5.237071e-02	-3.500000e-01	0.000000e+00	0.000000e+00	2.276057e-04	0.000000e+00	0.000000e+00	0.000000e+00	9.982000e+02	6.648738e+04	0.000000e+00	0.000000e+00	4.049044e+00	-9.196578e-01	-1.937266e-10	5.973894e-11	-1.889880e-02	
2	1	9	4	-2.098238e-01	5.800827e-02	-3.500000e-01	0.000000e+00	0.000000e+00	2.570701e-04	0.000000e+00	0.000000e+00	0.000000e+00	9.982000e+02	6.717953e+04	0.000000e+00	0.000000e+00	3.874010e+00	-9.939128e-01	-5.188985e-10	1.488597e-10	-2.116402e-02	
2	1	9	5	-2.340640e-01	6.358232e-02	-3.500000e-01	0.000000e+00	0.000000e+00	2.865847e-04	0.000000e+00	0.000000e+00	0.000000e+00	9.982000e+02	6.838554e+04	0.000000e+00	0.000000e+00	3.548464e+00	-1.014891e+00	1.519516e-10	-6.873148e-11	-2.324784e-02	
2	1	9	6	-2.583160e-01	6.909646e-02	-3.500000e-01	0.000000e+00	0.000000e+00	3.161521e-04	0.000000e+00	0.000000e+00	0.000000e+00	9.982000e+02	6.947261e+04	0.000000e+00	0.000000e+00	3.227000e+00	-1.018487e+00	-3.919267e-10	1.170153e-10	-2.529304e-02	
2	1	9	7	-2.822679e-01	7.451342e-02	-3.500000e-01	0.000000e+00	0.000000e+00	3.366593e-04	0.000000e+00	0.000000e+00	0.000000e+00	9.982000e+02	7.027270e+04	0.000000e+00	0.000000e+00	2.968241e+00	-9.977139e-01	-1.962388e-09	7.681163e-10	-2.666057e-02	
2	1	9	8	-2.981483e-01	7.811504e-02	-3.500000e-01	0.000000e+00	0.000000e+00	1.220678e-04	0.000000e+00	0.000000e+00	0.000000e+00	9.982000e+02	7.094074e+04	0.000000e+00	0.000000e+00	2.733490e+00	-3.347872e-01	-9.879887e-09	1.005958e-08	-9.540201e-03	
2	1	10	1	-1.436341e-01	4.982498e-02	-3.500000e-01	0.000000e+00	0.000000e+00	5.975463e-05	0.000000e+00	0.000000e+00	0.000000e+00	9.982000e+02	6.534663e+04	0.000000e+00	0.000000e+00	4.322078e+00	-2.576887e-01	-3.317290e-12	2.224742e-12	-5.030924e-03	
2	1	10	2	-1.592899e-01	5.433969e-02	-3.500000e-01	0.000000e+00	0.000000e+00	1.928526e-04	0.000000e+00	0.000000e+00	0.000000e+00	9.982000e+02	6.500588e+04	0.000000e+00	0.000000e+00	4.400351e+00	-8.463374e-01	-2.997338e-10	1.421235e-10	-1.631297e-02	
2	1	10	3	-1.829052e-01	6.110877e-02	-3.500000e-01	0.000000e+00	0.000000e+00	2.269521e-04	0.000000e+00	0.000000e+00	0.000000e+00	9.982000e+02	6.648826e+04	0.000000e+00	0.000000e+00	4.048827e+00	-9.169590e-01	-1.886086e-10	7.407071e-11	-1.884455e-02	
2	1	10	4	-2.068363e-01	6.789598e-02	-3.500000e-01	0.000000e+00	0.000000e+00	2.564650e-04	0.000000e+00	0.000000e+00	0.000000e+00	9.982000e+02	6.718081e+04	0.000000e+00	0.000000e+00	3.873680e+00	-9.914712e-01	-5.554749e-10	1.905589e-10	-2.111435e-02	
2	1	10	5	-2.307821e-01	7.462186e-02	-3.500000e-01	0.000000e+00	0.000000e+00	2.860065e-04	0.000000e+00	0.000000e+00	0.000000e+00	9.982000e+02	6.838564e+04	0.000000e+00	0.000000e+00	3.548433e+00	-1.012835e+00	1.506276e-10	-5.026618e-11	-2.320092e-02	
2	1	10	6	-2.547422e-01	8.129000e-02	-3.500000e-01	0.000000e+00	0.000000e+00	3.155742e-04	0.000000e+00	0.000000e+00	0.000000e+00	9.982000e+02	6.947179e+04	0.000000e+00	0.000000e+00	3.227254e+00	-1.016716e+00	-4.212837e-10	1.293908e-10	-2.524679e-02	
2	1	10	7	-2.784074e-01	8.784609e-02	-3.500000e-01	0.000000e+00	0.000000e+00	3.361137e-04	0.000000e+00	0.000000e+00	0.000000e+00	9.982000e+02	7.027477e+04	0.000000e+00	0.000000e+00	2.967544e+00	-9.958706e-01	-2.026423e-09	7.550135e-10	-2.661646e-02	
2	1	10	8	-2.940976e-01	9.220161e-02	-3.500000e-01	0.000000e+00	0.000000e+00	1.218973e-04	0.000000e+00	0.000000e+00	0.000000e+00	9.982000e+02	7.094710e+04	0.000000e+00	0.000000e+00	2.731159e+00	-3.340390e-01	-1.017816e-08	6.966849e-09	-9.526014e-03	
2	1	11	1	-1.411240e-01	5.654521e-02	-3.500000e-01	0.000000e+00	0.000000e+00	5.964776e-05	0.000000e+00	0.000000e+00	0.000000e+00	9.982000e+02	6.534745e+04	0.000000e+00	0.000000e+00	4.321889e+00	-2.572194e-01	-4.403012e-12	2.344543e-12	-5.021802e-03	
2	1	11	2	-1.565460e-01	6.180214e-02	-3.500000e-01	0.000000e+00	0.000000e+00	1.925260e-04	0.000000e+00	0.000000e+00	0.000000e+00	9.982000e+02	6.500571e+04	0.000000e+00	0.000000e+00	4.400390e+00	-8.449015e-01	-2.912361e-10	1.443151e-10	-1.628564e-02	
2	1	11	3	-1.798104e-01	6.969117e-02	-3.500000e-01	0.000000e+00	0.000000e+00	2.266312e-04	0.000000e+00	0.000000e+00	0.000000e+00	9.982000e+02	6.648795e+04	0.000000e+00	0.000000e+00	4.048903e+00	-9.156719e-01	-1.846834e-10	9.146528e-11	-1.881818e-02	
2	1	11	4	-2.033895e-01	7.761375e-02	-3.500000e-01	0.000000e+00	0.000000e+00	2.561628e-04	0.000000e+00	0.000000e+00	0.000000e+00	9.982000e+02	6.718127e+04	0.000000e+00	0.000000e+00	3.873560e+00	-9.902479e-01	-6.087792e-10	2.442780e-10	-2.108998e-02	
2	1	11	5	-2.269860e-01	8.547635e-02	-3.500000e-01	0.000000e+00	0.000000e+00	2.856937e-04	0.000000e+00	0.000000e+00	0.000000e+00	9.982000e+02	6.838570e+04	0.000000e+00	0.000000e+00	3.548418e+00	-1.011732e+00	1.451436e-10	-4.204824e-11	-2.317530e-02	
2	1	11	6	-2.505996e-01	9.328233e-02	-3.500000e-01	0.000000e+00	0.000000e+00	3.152173e-04	0.000000e+00	0.000000e+00	0.000000e+00	9.982000e+02	6.947301e+04	0.000000e+00	0.000000e+00	3.226876e+00	-1.015434e+00	-3.657819e-10	1.215545e-10	-2.521822e-02	
2	1	11	7	-2.739239e-01	1.009624e-01	-3.500000e-01	0.000000e+00	0.000000e+00	3.357426e-04	0.000000e+00	0.000000e+00	0.000000e+00	9.982000e+02	7.027216e+04	0.000000e+00	0.000000e+00	2.968423e+00	-9.950735e-01	-2.107874e-09	7.299003e-10	-2.658774e-02	
2	1	11	8	-2.893876e-01	1.060634e-01	-3.500000e-01	0.000000e+00	0.000000e+00	1.217787e-04	0.000000e+00	0.000000e+00	0.000000e+00	9.982000e+02	7.094450e+04	0.000000e+00	0.000000e+00	2.732113e+00	-3.338220e-01	-1.137421e-08	3.454647e-09	-9.517285e-03	
2	1	12	1	-1.383008e-01	6.313633e-02	-3.500000e-01	0.000000e+00	0.000000e+00	5.969741e-05	0.000000e+00	0.000000e+00	0.000000e+00	9.982000e+02	6.534515e+04	0.000000e+00	0.000000e+00	4.322421e+00	-2.574575e-01	-1.184886e-11	5.133035e-12	-5.026321e-03	
2	1	12	2	-1.534542e-01	6.912258e-02	-3.500000e-01	0.000000e+00	0.000000e+00	1.926399e-04	0.000000e+00	0.000000e+00	0.000000e+00	9.982000e+02	6.499806e+04	0.000000e+00	0.000000e+00	4.402132e+00	-8.456904e-01	-3.156676e-10	1.166338e-10	-1.629795e-02	
2	1	12	3	-1.763148e-01	7.811346e-02	-3.500000e-01	0.000000e+00	0.000000e+00	2.267313e-04	0.000000e+00	0.000000e+00	0.000000e+00	9.982000e+02	6.648484e+04	0.000000e+00	0.000000e+00	4.049672e+00	-9.162223e-01	-1.924428e-10	1.195185e-10	-1.882795e-02	
2	1	12	4	-1.994880e-01	8.715333e-02	-3.500000e-01	0.000000e+00	0.000000e+00	2.562472e-04	0.000000e+00	0.000000e+00	0.000000e+00	9.982000e+02	6.718052e+04	0.000000e+00	0.000000e+00	3.873753e+00	-9.905809e-01	-7.254888e-10	3.136705e-10	-2.109826e-02	
2	1	12	5	-2.226818e-01	9.613362e-02	-3.500000e-01	0.000000e+00	0.000000e+00	2.857335e-04	0.000000e+00	0.000000e+00	0.000000e+00	9.982000e+02	6.838460e+04	0.000000e+00	0.000000e+00	3.548727e+00	-1.011961e+00	1.290020e-10	-4.177127e-11	-2.317883e-02	
2	1	12	6	-2.458958e-01	1.050573e-01	-3.500000e-01	0.000000e+00	0.000000e+00	3.151804e-04	0.000000e+00	0.000000e+00	0.000000e+00	9.982000e+02	6.947286e+04	0.000000e+00	0.000000e+00	3.226923e+00	-1.015331e+00	-3.547009e-10	1.378686e-10	-2.521528e-02	
2	1	12	7	-2.688265e-01	1.138423e-01	-3.500000e-01	0.000000e+00	0.000000e+00	3.356491e-04	0.000000e+00	0.000000e+00	0.000000e+00	9.982000e+02	7.027771e+04	0.000000e+00	0.000000e+00	2.966550e+00	-9.942372e-01	-2.696341e-09	8.813535e-10	-2.657661e-02	
2	1	12	8	-2.840281e-01	1.196774e-01	-3.500000e-01	0.000000e+00	0.000000e+00	1.217454e-04	0.000000e+00	0.000000e+00	0.000000e+00	9.982000e+02	7.094861e+04	0.000000e+00	0.000000e+00	2.730605e+00	-3.335474e-01	-1.314156e-08	2.622882e-09	-9.514180e-03	
