b	i	j	k	px	py	pz	nVx	nVy	nVz	velx	vely	velz	rho	p	u	v	w	mp	fx	fy	fz
3	8	1	1	-6.155104e-02	-2.000786e-02	-8.074128e-02	3.858153e-06	1.254111e-06	1.505829e-05	0.000000e+00	0.000000e+00	0.000000e+00	9.982000e+02	3.388081e+04	3.447964e+00	-3.788901e+00	7.140670e+00	1.147747e-01	5.278296e-04	-3.942448e-04	1.332141e-03	
3	8	1	2	-7.241549e-02	-2.217412e-02	-7.777312e-02	1.328742e-05	4.068122e-06	5.158330e-05	0.000000e+00	0.000000e+00	0.000000e+00	9.982000e+02	3.270209e+04	2.925934e+00	-3.266164e+00	7.860637e+00	4.322896e-01	1.698592e-03	-1.280215e-03	5.080997e-03	
3	8	1	3	-8.882010e-02	-2.528288e-02	-7.329739e-02	1.682790e-05	4.789605e-06	6.494468e-05	0.000000e+00	0.000000e+00	0.000000e+00	9.982000e+02	2.957450e+04	2.685825e+00	-2.805425e+00	8.075417e+00	5.599565e-01	2.004452e-03	-1.427558e-03	6.454091e-03	
3	8	1	4	-1.054575e-01	-2.824089e-02	-6.876480e-02	2.005647e-05	5.370870e-06	7.707038e-05	0.000000e+00	0.000000e+00	0.000000e+00	9.982000e+02	2.636082e+04	2.935187e+00	-2.658415e+00	8.510058e+00	7.040356e-01	2.592878e-03	-1.730347e-03	8.014421e-03	
3	8	1	5	-1.221010e-01	-3.109509e-02	-6.423220e-02	2.324494e-05	5.919704e-06	8.903591e-05	0.000000e+00	0.000000e+00	0.000000e+00	9.982000e+02	2.244123e+04	3.366411e+00	-2.609167e+00	9.064242e+00	8.745941e-01	3.470264e-03	-2.146896e-03	9.943590e-03	
3	8	1	6	-1.387376e-01	-3.391584e-02	-5.969961e-02	2.640059e-05	6.453959e-06	1.008810e-04	0.000000e+00	0.000000e+00	0.000000e+00	9.982000e+02	1.673635e+04	3.651524e+00	-2.463457e+00	9.730484e+00	1.068179e+00	4.345311e-03	-2.520536e-03	1.209635e-02	
3	8	1	7	-1.551554e-01	-3.669925e-02	-5.522388e-02	2.873249e-05	6.796262e-06	1.095943e-04	0.000000e+00	0.000000e+00	0.000000e+00	9.982000e+02	5.530802e+03	4.125794e+00	-2.262499e+00	1.064313e+01	1.278985e+00	5.439866e-03	-2.849373e-03	1.424335e-02	
3	8	1	8	-1.660380e-01	-3.855165e-02	-5.225572e-02	1.054050e-05	2.447352e-06	4.016573e-05	0.000000e+00	0.000000e+00	0.000000e+00	9.982000e+02	-8.798094e+03	4.808823e+00	-1.895988e+00	1.174746e+01	5.229007e-01	2.422395e-03	-1.008776e-03	5.800440e-03	
3	8	2	1	-6.229509e-02	-1.756318e-02	-8.074128e-02	3.561189e-06	1.004005e-06	1.373429e-05	0.000000e+00	0.000000e+00	0.000000e+00	9.982000e+02	3.371879e+04	3.335339e+00	-4.026553e+00	7.158942e+00	1.048951e-01	4.711673e-04	-3.903928e-04	1.216218e-03	
3	8	2	2	-7.324043e-02	-1.928577e-02	-7.777312e-02	1.223912e-05	3.222434e-06	4.698239e-05	0.000000e+00	0.000000e+00	0.000000e+00	9.982000e+02	3.265890e+04	2.876886e+00	-3.415256e+00	8.059733e+00	4.039553e-01	1.561660e-03	-1.275446e-03	4.788705e-03	
3	8	2	3	-8.976140e-02	-2.171977e-02	-7.329739e-02	1.547233e-05	3.743444e-06	5.909160e-05	0.000000e+00	0.000000e+00	0.000000e+00	9.982000e+02	2.981274e+04	2.457828e+00	-2.918274e+00	8.212510e+00	5.162513e-01	1.732811e-03	-1.393061e-03	6.012059e-03	
3	8	2	4	-1.065081e-01	-2.399451e-02	-6.876480e-02	1.843774e-05	4.153522e-06	7.015637e-05	0.000000e+00	0.000000e+00	0.000000e+00	9.982000e+02	2.666717e+04	2.516791e+00	-2.759897e+00	8.456437e+00	6.328927e-01	2.087780e-03	-1.633661e-03	7.235740e-03	
3	8	2	5	-1.232551e-01	-2.617087e-02	-6.423220e-02	2.139402e-05	4.542452e-06	8.118448e-05	0.000000e+00	0.000000e+00	0.000000e+00	9.982000e+02	2.264490e+04	2.926899e+00	-2.687210e+00	8.938697e+00	7.807406e-01	2.771437e-03	-1.993532e-03	8.824939e-03	
3	8	2	6	-1.399930e-01	-2.831684e-02	-5.969961e-02	2.435540e-05	4.926339e-06	9.223707e-05	0.000000e+00	0.000000e+00	0.000000e+00	9.982000e+02	1.703340e+04	3.430673e+00	-2.612146e+00	9.560018e+00	9.591928e-01	3.709847e-03	-2.417677e-03	1.076056e-02	
3	8	2	7	-1.565097e-01	-3.043857e-02	-5.522388e-02	2.659775e-05	5.172770e-06	1.005791e-04	0.000000e+00	0.000000e+00	0.000000e+00	9.982000e+02	5.795311e+03	4.049498e+00	-2.488155e+00	1.051432e+01	1.161854e+00	4.862379e-03	-2.853977e-03	1.282071e-02	
3	8	2	8	-1.674576e-01	-3.185477e-02	-5.225572e-02	9.783798e-06	1.861132e-06	3.696781e-05	0.000000e+00	0.000000e+00	0.000000e+00	9.982000e+02	-8.312456e+03	4.743054e+00	-2.236153e+00	1.162823e+01	4.773117e-01	2.182857e-03	-1.078233e-03	5.253091e-03	
3	8	3	1	-6.288435e-02	-1.532959e-02	-8.074128e-02	3.217495e-06	7.843405e-07	1.229347e-05	0.000000e+00	0.000000e+00	0.000000e+00	9.982000e+02	3.371713e+04	3.227789e+00	-4.189489e+00	7.093808e+00	9.317654e-02	4.102896e-04	-3.656443e-04	1.077403e-03	
3	8	3	2	-7.388616e-02	-1.665363e-02	-7.777312e-02	1.102301e-05	2.484400e-06	4.194772e-05	0.000000e+00	0.000000e+00	0.000000e+00	9.982000e+02	3.259270e+04	2.888343e+00	-3.533754e+00	8.115885e+00	3.642268e-01	1.410048e-03	-1.207588e-03	4.317697e-03	
3	8	3	3	-9.048727e-02	-1.848067e-02	-7.329739e-02	1.389070e-05	2.836701e-06	5.262981e-05	0.000000e+00	0.000000e+00	0.000000e+00	9.982000e+02	2.974480e+04	2.402525e+00	-3.047417e+00	8.490222e+00	4.748458e-01	1.556581e-03	-1.361126e-03	5.606946e-03	
3	8	3	4	-1.073086e-01	-2.013612e-02	-6.876480e-02	1.653927e-05	3.103306e-06	6.246785e-05	0.000000e+00	0.000000e+00	0.000000e+00	9.982000e+02	2.688066e+04	2.264561e+00	-2.884144e+00	8.630928e+00	5.722468e-01	1.743579e-03	-1.564636e-03	6.629882e-03	
3	8	3	5	-1.241267e-01	-2.169026e-02	-6.423220e-02	1.922359e-05	3.358901e-06	7.244106e-05	0.000000e+00	0.000000e+00	0.000000e+00	9.982000e+02	2.295379e+04	2.414613e+00	-2.766576e+00	8.919787e+00	6.884302e-01	2.107190e-03	-1.824900e-03	7.817286e-03	
3	8	3	6	-1.409354e-01	-2.320702e-02	-5.969961e-02	2.196603e-05	3.616669e-06	8.263695e-05	0.000000e+00	0.000000e+00	0.000000e+00	9.982000e+02	1.745178e+04	2.925940e+00	-2.710424e+00	9.464642e+00	8.437958e-01	2.856259e-03	-2.219499e-03	9.445319e-03	
3	8	3	7	-1.575231e-01	-2.469886e-02	-5.522388e-02	2.412822e-05	3.782793e-06	9.065804e-05	0.000000e+00	0.000000e+00	0.000000e+00	9.982000e+02	6.230068e+03	3.784492e+00	-2.676158e+00	1.036191e+01	1.030532e+00	4.053677e-03	-2.726701e-03	1.126390e-02	
3	8	3	8	-1.685188e-01	-2.569273e-02	-5.225572e-02	8.917350e-06	1.359541e-06	3.348316e-05	0.000000e+00	0.000000e+00	0.000000e+00	9.982000e+02	-7.918202e+03	4.604357e+00	-2.617856e+00	1.145904e+01	4.263385e-01	1.892526e-03	-1.122013e-03	4.629232e-03	
3	8	4	1	-6.334297e-02	-1.331732e-02	-8.074128e-02	2.889554e-06	6.075194e-07	1.096124e-05	0.000000e+00	0.000000e+00	0.000000e+00	9.982000e+02	3.364566e+04	3.082953e+00	-4.299599e+00	7.027209e+00	8.229002e-02	3.518054e-04	-3.349615e-04	9.487625e-04	
3	8	4	2	-7.438149e-02	-1.429155e-02	-7.777312e-02	9.852372e-06	1.893215e-06	3.724580e-05	0.000000e+00	0.000000e+00	0.000000e+00	9.982000e+02	3.249995e+04	2.813435e+00	-3.636969e+00	8.064891e+00	3.215688e-01	1.222395e-03	-1.109871e-03	3.793531e-03	
3	8	4	3	-9.103365e-02	-1.558461e-02	-7.329739e-02	1.236264e-05	2.116329e-06	4.656223e-05	0.000000e+00	0.000000e+00	0.000000e+00	9.982000e+02	2.971809e+04	2.415367e+00	-3.168523e+00	8.594261e+00	4.261671e-01	1.399095e-03	-1.286142e-03	5.055312e-03	
3	8	4	4	-1.079018e-01	-1.668969e-02	-6.876480e-02	1.470326e-05	2.273973e-06	5.523159e-05	0.000000e+00	0.000000e+00	0.000000e+00	9.982000e+02	2.688329e+04	2.249328e+00	-3.005422e+00	8.936951e+00	5.238546e-01	1.576555e-03	-1.511160e-03	6.177356e-03	
3	8	4	5	-1.247648e-01	-1.768176e-02	-6.423220e-02	1.711419e-05	2.425028e-06	6.416617e-05	0.000000e+00	0.000000e+00	0.000000e+00	9.982000e+02	2.293908e+04	2.251700e+00	-2.893256e+00	9.209540e+00	6.269435e-01	1.807795e-03	-1.756038e-03	7.258564e-03	
3	8	4	6	-1.416190e-01	-1.861857e-02	-5.969961e-02	1.962918e-05	2.580088e-06	7.349327e-05	0.000000e+00	0.000000e+00	0.000000e+00	9.982000e+02	1.765259e+04	2.453120e+00	-2.822270e+00	9.534237e+00	7.484662e-01	2.186671e-03	-2.062529e-03	8.448286e-03	
3	8	4	7	-1.582537e-01	-1.951393e-02	-5.522388e-02	2.169483e-05	2.674519e-06	8.114242e-05	0.000000e+00	0.000000e+00	0.000000e+00	9.982000e+02	6.670225e+03	3.237570e+00	-2.817427e+00	1.026204e+01	9.053012e-01	3.077580e-03	-2.525371e-03	9.842685e-03	
3	8	4	8	-1.692821e-01	-2.009905e-02	-5.225572e-02	8.058843e-06	9.568104e-07	3.012442e-05	0.000000e+00	0.000000e+00	0.000000e+00	9.982000e+02	-6.459897e+03	4.293972e+00	-2.805778e+00	1.119268e+01	3.751778e-01	1.558684e-03	-1.052896e-03	4.012437e-03	
3	8	5	1	-6.369992e-02	-1.149664e-02	-8.074128e-02	2.636012e-06	4.757815e-07	9.943868e-06	0.000000e+00	0.000000e+00	0.000000e+00	9.982000e+02	3.359220e+04	2.944673e+00	-4.395311e+00	6.984402e+00	7.416840e-02	3.077136e-04	-3.114875e-04	8.535834e-04	
3	8	5	2	-7.476039e-02	-1.216505e-02	-7.777312e-02	8.941069e-06	1.455398e-06	3.363102e-05	0.000000e+00	0.000000e+00	0.000000e+00	9.982000e+02	3.242590e+04	2.709065e+00	-3.722633e+00	7.993038e+00	2.878729e-01	1.067582e-03	-1.026118e-03	3.382507e-03	
3	8	5	3	-9.144206e-02	-1.298929e-02	-7.329739e-02	1.116442e-05	1.585954e-06	4.186349e-05	0.000000e+00	0.000000e+00	0.000000e+00	9.982000e+02	2.965530e+04	2.386659e+00	-3.260934e+00	8.546769e+00	3.816934e-01	1.243762e-03	-1.196746e-03	4.510190e-03	
3	8	5	4	-1.083362e-01	-1.360600e-02	-6.876480e-02	1.325100e-05	1.664006e-06	4.957901e-05	0.000000e+00	0.000000e+00	0.000000e+00	9.982000e+02	2.686550e+04	2.296773e+00	-3.098010e+00	9.011590e+00	4.756254e-01	1.451108e-03	-1.426968e-03	5.628064e-03	
3	8	5	5	-1.252237e-01	-1.409315e-02	-6.423220e-02	1.541723e-05	1.734714e-06	5.759469e-05	0.000000e+00	0.000000e+00	0.000000e+00	9.982000e+02	2.293322e+04	2.298733e+00	-3.019832e+00	9.465927e+00	5.793577e-01	1.688693e-03	-1.707798e-03	6.817028e-03	
3	8	5	6	-1.421027e-01	-1.450154e-02	-5.969961e-02	1.769242e-05	1.804924e-06	6.601963e-05	0.000000e+00	0.000000e+00	0.000000e+00	9.982000e+02	1.747323e+04	2.414384e+00	-2.963272e+00	9.862686e+00	6.942391e-01	1.989309e-03	-2.022150e-03	8.014755e-03	
3	8	5	7	-1.587633e-01	-1.484457e-02	-5.522388e-02	1.957172e-05	1.829278e-06	7.297047e-05	0.000000e+00	0.000000e+00	0.000000e+00	9.982000e+02	6.512583e+03	3.015655e+00	-2.993121e+00	1.035369e+01	8.177792e-01	2.597446e-03	-2.429048e-03	8.958324e-03	
3	8	5	8	-1.698097e-01	-1.504698e-02	-5.225572e-02	7.273646e-06	6.444821e-07	2.710633e-05	0.000000e+00	0.000000e+00	0.000000e+00	9.982000e+02	-6.474549e+03	4.110778e+00	-2.889459e+00	1.110186e+01	3.344449e-01	1.327753e-03	-9.653018e-04	3.544311e-03	
3	8	6	1	-6.398301e-02	-9.803790e-03	-8.074128e-02	2.501591e-06	3.833456e-07	9.395246e-06	0.000000e+00	0.000000e+00	0.000000e+00	9.982000e+02	3.357688e+04	2.836499e+00	-4.476048e+00	6.972456e+00	6.998121e-02	2.831841e-04	-3.017866e-04	8.048412e-04	
3	8	6	2	-7.505510e-02	-1.019683e-02	-7.777312e-02	8.453534e-06	1.149155e-06	3.167306e-05	0.000000e+00	0.000000e+00	0.000000e+00	9.982000e+02	3.236086e+04	2.642578e+00	-3.797195e+00	7.972969e+00	2.707014e-01	9.870102e-04	-9.922504e-04	3.175540e-03	
3	8	6	3	-9.175101e-02	-1.059771e-02	-7.329739e-02	1.051568e-05	1.214764e-06	3.929902e-05	0.000000e+00	0.000000e+00	0.000000e+00	9.982000e+02	2.956238e+04	2.319312e+00	-3.342349e+00	8.484507e+00	3.557768e-01	1.136471e-03	-1.152814e-03	4.182047e-03	
3	8	6	4	-1.086559e-01	-1.077058e-02	-6.876480e-02	1.245263e-05	1.234248e-06	4.645593e-05	0.000000e+00	0.000000e+00	0.000000e+00	9.982000e+02	2.675867e+04	2.220091e+00	-3.179810e+00	8.920215e+00	4.413012e-01	1.315470e-03	-1.368753e-03	5.188793e-03	
3	8	6	5	-1.255522e-01	-1.079737e-02	-6.423220e-02	1.445962e-05	1.243223e-06	5.387747e-05	0.000000e+00	0.000000e+00	0.000000e+00	9.982000e+02	2.288910e+04	2.292136e+00	-3.104597e+00	9.477065e+00	5.435145e-01	1.579925e-03	-1.657230e-03	6.395451e-03	
3	8	6	6	-1.424392e-01	-1.072449e-02	-5.969961e-02	1.654729e-05	1.245489e-06	6.160265e-05	0.000000e+00	0.000000e+00	0.000000e+00	9.982000e+02	1.747021e+04	2.560407e+00	-3.064649e+00	1.002433e+01	6.613874e-01	1.986306e-03	-2.001890e-03	7.719870e-03	
3	8	6	7	-1.591072e-01	-1.056874e-02	-5.522388e-02	1.821697e-05	1.209665e-06	6.777547e-05	0.000000e+00	0.000000e+00	0.000000e+00	9.982000e+02	6.403181e+03	3.286308e+00	-3.097769e+00	1.070983e+01	7.897430e-01	2.715613e-03	-2.432575e-03	8.908178e-03	
3	8	6	8	-1.701582e-01	-1.042941e-02	-5.225572e-02	6.740195e-06	4.131095e-07	2.506819e-05	0.000000e+00	0.000000e+00	0.000000e+00	9.982000e+02	-7.073983e+03	4.287272e+00	-2.884372e+00	1.161977e+01	3.235132e-01	1.339601e-03	-9.317842e-04	3.588749e-03	
3	8	7	1	-6.421432e-02	-8.152541e-03	-8.074128e-02	2.509770e-06	3.186758e-07	9.392011e-06	0.000000e+00	0.000000e+00	0.000000e+00	9.982000e+02	3.356815e+04	2.725323e+00	-4.542138e+00	6.962284e+00	6.987336e-02	2.753276e-04	-3.081124e-04	8.031845e-04	
3	8	7	2	-7.529063e-02	-8.281920e-03	-7.777312e-02	8.469960e-06	9.324163e-07	3.163531e-05	0.000000e+00	0.000000e+00	0.000000e+00	9.982000e+02	3.231534e+04	2.584449e+00	-3.866788e+00	7.963545e+00	2.703744e-01	9.706449e-04	-1.016862e-03	3.168062e-03	
3	8	7	3	-9.198941e-02	-8.277870e-03	-7.329739e-02	1.051413e-05	9.463692e-07	3.919148e-05	0.000000e+00	0.000000e+00	0.000000e+00	9.982000e+02	2.950723e+04	2.282160e+00	-3.423258e+00	8.469547e+00	3.547213e-01	1.120982e-03	-1.185893e-03	4.165269e-03	
3	8	7	4	-1.088931e-01	-8.026653e-03	-6.876480e-02	1.242157e-05	9.155840e-07	4.623931e-05	0.000000e+00	0.000000e+00	0.000000e+00	9.982000e+02	2.668819e+04	2.173055e+00	-3.260129e+00	8.880159e+00	4.376845e-01	1.285136e-03	-1.401170e-03	5.129855e-03	
3	8	7	5	-1.257853e-01	-7.616325e-03	-6.423220e-02	1.437716e-05	8.703940e-07	5.347129e-05	0.000000e+00	0.000000e+00	0.000000e+00	9.982000e+02	2.269042e+04	2.221327e+00	-3.181037e+00	9.388681e+00	5.344584e-01	1.516506e-03	-1.679121e-03	6.242219e-03	
3	8	7	6	-1.426663e-01	-7.093370e-03	-5.969961e-02	1.636947e-05	8.137138e-07	6.084441e-05	0.000000e+00	0.000000e+00	0.000000e+00	9.982000e+02	1.723506e+04	2.490880e+00	-3.127447e+00	9.945189e+00	6.481305e-01	1.900274e-03	-2.010341e-03	7.507784e-03	
3	8	7	7	-1.593264e-01	-6.484015e-03	-5.522388e-02	1.788274e-05	7.276769e-07	6.644185e-05	0.000000e+00	0.000000e+00	0.000000e+00	9.982000e+02	6.151266e+03	3.255368e+00	-3.187945e+00	1.066974e+01	7.718560e-01	2.626102e-03	-2.450910e-03	8.659123e-03	
3	8	7	8	-1.703711e-01	-6.042046e-03	-5.225572e-02	6.574978e-06	2.331783e-07	2.442384e-05	0.000000e+00	0.000000e+00	0.000000e+00	9.982000e+02	-7.254224e+03	4.247020e+00	-2.982974e+00	1.163481e+01	3.156568e-01	1.293316e-03	-9.393095e-04	3.502196e-03	
3	8	8	1	-6.440720e-02	-6.447977e-03	-8.074128e-02	2.663398e-06	2.666737e-07	9.936857e-06	0.000000e+00	0.000000e+00	0.000000e+00	9.982000e+02	3.355849e+04	2.604345e+00	-4.598494e+00	6.945142e+00	7.375827e-02	2.821210e-04	-3.317598e-04	8.472397e-04	
3	8	8	2	-7.548127e-02	-6.305304e-03	-7.777312e-02	8.998848e-06	7.523762e-07	3.352508e-05	0.000000e+00	0.000000e+00	0.000000e+00	9.982000e+02	3.226632e+04	2.514739e+00	-3.932820e+00	7.944913e+00	2.861554e-01	1.008113e-03	-1.102704e-03	3.347816e-03	
3	8	8	3	-9.217251e-02	-5.886045e-03	-7.329739e-02	1.116821e-05	7.134777e-07	4.154607e-05	0.000000e+00	0.000000e+00	0.000000e+00	9.982000e+02	2.945642e+04	2.257008e+00	-3.504313e+00	8.466764e+00	3.764909e-01	1.179529e-03	-1.298004e-03	4.414468e-03	
3	8	8	4	-1.090634e-01	-5.203796e-03	-6.876480e-02	1.316817e-05	6.283762e-07	4.894114e-05	0.000000e+00	0.000000e+00	0.000000e+00	9.982000e+02	2.663451e+04	2.155973e+00	-3.343032e+00	8.873554e+00	4.637264e-01	1.353182e-03	-1.532283e-03	5.428080e-03	
3	8	8	5	-1.259393e-01	-4.354524e-03	-6.423220e-02	1.519169e-05	5.253050e-07	5.643082e-05	0.000000e+00	0.000000e+00	0.000000e+00	9.982000e+02	2.258560e+04	2.195837e+00	-3.263564e+00	9.375386e+00	5.639566e-01	1.584710e-03	-1.827586e-03	6.573522e-03	
3	8	8	6	-1.428012e-01	-3.388646e-03	-5.969961e-02	1.721454e-05	4.085453e-07	6.392444e-05	0.000000e+00	0.000000e+00	0.000000e+00	9.982000e+02	1.706518e+04	2.435411e+00	-3.193925e+00	9.926885e+00	6.798717e-01	1.953463e-03	-2.162198e-03	7.853876e-03	
3	8	8	7	-1.594399e-01	-2.345087e-03	-5.522388e-02	1.869601e-05	2.751187e-07	6.941369e-05	0.000000e+00	0.000000e+00	0.000000e+00	9.982000e+02	5.821717e+03	3.163647e+00	-3.265089e+00	1.064545e+01	8.038421e-01	2.655912e-03	-2.618453e-03	8.977705e-03	
3	8	8	8	-1.704694e-01	-1.619718e-03	-5.225572e-02	6.846308e-06	6.506050e-08	2.541700e-05	0.000000e+00	0.000000e+00	0.000000e+00	9.982000e+02	-7.745484e+03	4.153911e+00	-3.084157e+00	1.160396e+01	3.272157e-01	1.306868e-03	-1.006048e-03	3.607062e-03	
3	8	9	1	-6.456420e-02	-4.600245e-03	-8.074128e-02	2.944268e-06	2.098044e-07	1.095757e-05	0.000000e+00	0.000000e+00	0.000000e+00	9.982000e+02	3.360663e+04	2.473550e+00	-4.642696e+00	6.928031e+00	8.117725e-02	3.004088e-04	-3.715061e-04	9.323094e-04	
3	8	9	2	-7.562852e-02	-4.158354e-03	-7.777312e-02	9.975330e-06	5.489846e-07	3.708898e-05	0.000000e+00	0.000000e+00	0.000000e+00	9.982000e+02	3.220881e+04	2.430887e+00	-3.998849e+00	7.921803e+00	3.159614e-01	1.087445e-03	-1.247532e-03	3.690017e-03	
3	8	9	3	-9.229994e-02	-3.286826e-03	-7.329739e-02	1.239419e-05	4.416876e-07	4.604125e-05	0.000000e+00	0.000000e+00	0.000000e+00	9.982000e+02	2.939249e+04	2.218110e+00	-3.588988e+00	8.458496e+00	4.175040e-01	1.291381e-03	-1.485183e-03	4.888480e-03	
3	8	9	4	-1.091643e-01	-2.141293e-03	-6.876480e-02	1.459399e-05	2.864146e-07	5.418822e-05	0.000000e+00	0.000000e+00	0.000000e+00	9.982000e+02	2.657036e+04	2.125019e+00	-3.431912e+00	8.867375e+00	5.139138e-01	1.482813e-03	-1.754919e-03	6.007576e-03	
3	8	9	5	-1.260094e-01	-8.258676e-04	-6.423220e-02	1.679624e-05	1.102100e-07	6.235416e-05	0.000000e+00	0.000000e+00	0.000000e+00	9.982000e+02	2.247993e+04	2.167080e+00	-3.350844e+00	9.369059e+00	6.236041e-01	1.732550e-03	-2.086266e-03	7.257233e-03	
3	8	9	6	-1.428374e-01	6.037947e-04	-5.969961e-02	1.897767e-05	-8.006826e-08	7.045141e-05	0.000000e+00	0.000000e+00	0.000000e+00	9.982000e+02	1.687515e+04	2.412177e+00	-3.265568e+00	9.921874e+00	7.497685e-01	2.133141e-03	-2.447822e-03	8.643424e-03	
3	8	9	7	-1.594404e-01	2.097341e-03	-5.522388e-02	2.056499e-05	-2.703242e-07	7.634998e-05	0.000000e+00	0.000000e+00	0.000000e+00	9.982000e+02	5.542187e+03	3.130206e+00	-3.336534e+00	1.067482e+01	8.869134e-01	2.894738e-03	-2.956626e-03	9.908840e-03	
3	8	9	8	-1.704455e-01	3.115555e-03	-5.225572e-02	7.524735e-06	-1.375413e-07	2.793861e-05	0.000000e+00	0.000000e+00	0.000000e+00	9.982000e+02	-8.236374e+03	4.103022e+00	-3.156340e+00	1.167133e+01	3.613832e-01	1.421773e-03	-1.136091e-03	3.995350e-03	
3	8	10	1	-6.467617e-02	-2.538800e-03	-8.074128e-02	3.311995e-06	1.300178e-07	1.230401e-05	0.000000e+00	0.000000e+00	0.000000e+00	9.982000e+02	3.368215e+04	2.320529e+00	-4.666636e+00	6.912066e+00	9.098195e-02	3.233645e-04	-4.220453e-04	1.045164e-03	
3	8	10	2	-7.572021e-02	-1.755768e-03	-7.777312e-02	1.125808e-05	2.613075e-07	4.180499e-05	0.000000e+00	0.000000e+00	0.000000e+00	9.982000e+02	3.217965e+04	2.318580e+00	-4.062644e+00	7.891889e+00	3.550507e-01	1.183433e-03	-1.435928e-03	4.139315e-03	
3	8	10	3	-9.235496e-02	-3.736565e-04	-7.329739e-02	1.401423e-05	5.704722e-08	5.202513e-05	0.000000e+00	0.000000e+00	0.000000e+00	9.982000e+02	2.931403e+04	2.163209e+00	-3.679889e+00	8.455041e+00	4.722582e-01	1.433365e-03	-1.736100e-03	5.521576e-03	
3	8	10	4	-1.091745e-01	1.287799e-03	-6.876480e-02	1.649137e-05	-1.943123e-07	6.122399e-05	0.000000e+00	0.000000e+00	0.000000e+00	9.982000e+02	2.649077e+04	2.084234e+00	-3.530477e+00	8.865672e+00	5.815016e-01	1.652218e-03	-2.057051e-03	6.789403e-03	
3	8	10	5	-1.259698e-01	3.117673e-03	-6.423220e-02	1.895269e-05	-4.688289e-07	7.037787e-05	0.000000e+00	0.000000e+00	0.000000e+00	9.982000e+02	2.238126e+04	2.131745e+00	-3.443443e+00	9.368934e+00	7.049598e-01	1.931003e-03	-2.437371e-03	8.194503e-03	
3	8	10	6	-1.427451e-01	5.055585e-03	-5.969961e-02	2.137864e-05	-7.569204e-07	7.941162e-05	0.000000e+00	0.000000e+00	0.000000e+00	9.982000e+02	1.671147e+04	2.385696e+00	-3.336754e+00	9.940175e+00	8.477809e-01	2.384685e-03	-2.839884e-03	9.771674e-03	
3	8	10	7	-1.592940e-01	7.043111e-03	-5.522388e-02	2.314441e-05	-1.023100e-06	8.600067e-05	0.000000e+00	0.000000e+00	0.000000e+00	9.982000e+02	5.268461e+03	3.084980e+00	-3.404336e+00	1.071533e+01	1.003085e+00	3.221705e-03	-3.416683e-03	1.122193e-02	
3	8	10	8	-1.702628e-01	8.385110e-03	-5.225572e-02	8.467794e-06	-4.170093e-07	3.147207e-05	0.000000e+00	0.000000e+00	0.000000e+00	9.982000e+02	-8.689744e+03	4.037278e+00	-3.237950e+00	1.173489e+01	4.088945e-01	1.578602e-03	-1.317115e-03	4.533482e-03	
3	8	11	1	-6.472327e-02	-2.257737e-04	-8.074128e-02	3.707790e-06	1.292940e-08	1.376329e-05	0.000000e+00	0.000000e+00	0.000000e+00	9.982000e+02	3.377192e+04	2.152015e+00	-4.679232e+00	6.896421e+00	1.015993e-01	3.445503e-04	-4.769810e-04	1.167569e-03	
3	8	11	2	-7.573186e-02	9.482756e-04	-7.777312e-02	1.263954e-05	-1.582816e-07	4.692392e-05	0.000000e+00	0.000000e+00	0.000000e+00	9.982000e+02	3.213529e+04	2.175049e+00	-4.123018e+00	7.847485e+00	3.964306e-01	1.266170e-03	-1.641653e-03	4.610385e-03	
3	8	11	3	-9.230645e-02	2.911123e-03	-7.329739e-02	1.576290e-05	-4.968017e-07	5.854315e-05	0.000000e+00	0.000000e+00	0.000000e+00	9.982000e+02	2.923859e+04	2.071578e+00	-3.772171e+00	8.453752e+00	5.319109e-01	1.564329e-03	-2.021033e-03	6.214116e-03	
3	8	11	4	-1.090564e-01	5.152881e-03	-6.876480e-02	1.854633e-05	-8.760598e-07	6.892253e-05	0.000000e+00	0.000000e+00	0.000000e+00	9.982000e+02	2.640758e+04	2.024398e+00	-3.637160e+00	8.870078e+00	6.559976e-01	1.821561e-03	-2.408209e-03	7.652529e-03	
3	8	11	5	-1.257769e-01	7.558004e-03	-6.423220e-02	2.129975e-05	-1.279619e-06	7.920901e-05	0.000000e+00	0.000000e+00	0.000000e+00	9.982000e+02	2.229477e+04	2.081347e+00	-3.541667e+00	9.365483e+00	7.944929e-01	2.133001e-03	-2.842058e-03	9.223265e-03	
3	8	11	6	-1.424746e-01	1.006199e-02	-5.969961e-02	2.400538e-05	-1.695031e-06	8.933189e-05	0.000000e+00	0.000000e+00	0.000000e+00	9.982000e+02	1.655740e+04	2.343785e+00	-3.414812e+00	9.941209e+00	9.551615e-01	2.641616e-03	-3.288624e-03	1.099430e-02	
3	8	11	7	-1.589453e-01	1.260076e-02	-5.522388e-02	2.597264e-05	-2.058772e-06	9.671504e-05	0.000000e+00	0.000000e+00	0.000000e+00	9.982000e+02	5.029187e+03	3.020921e+00	-3.472841e+00	1.074165e+01	1.131239e+00	3.554065e-03	-3.936084e-03	1.266086e-02	
3	8	11	8	-1.698617e-01	1.430579e-02	-5.225572e-02	9.500830e-06	-8.001569e-07	3.539248e-05	0.000000e+00	0.000000e+00	0.000000e+00	9.982000e+02	-9.101894e+03	3.949605e+00	-3.326547e+00	1.178033e+01	4.611886e-01	1.736818e-03	-1.523893e-03	5.120522e-03	
3	8	12	1	-6.467915e-02	2.335508e-03	-8.074128e-02	4.065423e-06	-1.468182e-07	1.509992e-05	0.000000e+00	0.000000e+00	0.000000e+00	9.982000e+02	3.389317e+04	1.967780e+00	-4.686914e+00	6.890254e+00	1.114349e-01	3.577373e-04	-5.293938e-04	1.281889e-03	
3	8	12	2	-7.563191e-02	3.949211e-03	-7.777312e-02	1.388193e-05	-7.251140e-07	5.160034e-05	0.000000e+00	0.000000e+00	0.000000e+00	9.982000e+02	3.210727e+04	1.997848e+00	-4.180409e+00	7.780065e+00	4.322477e-01	1.306779e-03	-1.832443e-03	5.010579e-03	
3	8	12	3	-9.211541e-02	6.562593e-03	-7.329739e-02	1.733836e-05	-1.235000e-06	6.452288e-05	0.000000e+00	0.000000e+00	0.000000e+00	9.982000e+02	2.918472e+04	1.954913e+00	-3.854785e+00	8.453636e+00	5.866881e-01	1.654388e-03	-2.297853e-03	6.848169e-03	
3	8	12	4	-1.087642e-01	9.450045e-03	-6.876480e-02	2.040827e-05	-1.772969e-06	7.603989e-05	0.000000e+00	0.000000e+00	0.000000e+00	9.982000e+02	2.628981e+04	1.950453e+00	-3.750048e+00	8.876015e+00	7.254073e-01	1.955580e-03	-2.766396e-03	8.452967e-03	
3	8	12	5	-1.253782e-01	1.249279e-02	-6.423220e-02	2.343503e-05	-2.334784e-06	8.742028e-05	0.000000e+00	0.000000e+00	0.000000e+00	9.982000e+02	2.224743e+04	2.026011e+00	-3.642979e+00	9.367778e+00	8.789694e-01	2.307144e-03	-3.254014e-03	1.019716e-02	
3	8	12	6	-1.419671e-01	1.562275e-02	-5.969961e-02	2.640394e-05	-2.905279e-06	9.860183e-05	0.000000e+00	0.000000e+00	0.000000e+00	9.982000e+02	1.645025e+04	2.288604e+00	-3.499130e+00	9.944660e+00	1.056371e+00	2.857970e-03	-3.743513e-03	1.214913e-02	
3	8	12	7	-1.583293e-01	1.877072e-02	-5.522388e-02	2.855579e-05	-3.385139e-06	1.067402e-04	0.000000e+00	0.000000e+00	0.000000e+00	9.982000e+02	4.890062e+03	2.938302e+00	-3.545315e+00	1.076609e+01	1.252039e+00	3.825301e-03	-4.453095e-03	1.402714e-02	
3	8	12	8	-1.691735e-01	2.087706e-02	-5.225572e-02	1.044226e-05	-1.288623e-06	3.905505e-05	0.000000e+00	0.000000e+00	0.000000e+00	9.982000e+02	-9.392414e+03	3.845526e+00	-3.424021e+00	1.181696e+01	5.102016e-01	1.866082e-03	-1.732095e-03	5.672934e-03	
3	8	13	1	-6.451810e-02	5.100332e-03	-8.074128e-02	4.325518e-06	-3.419709e-07	1.610504e-05	0.000000e+00	0.000000e+00	0.000000e+00	9.982000e+02	3.405667e+04	1.770782e+00	-4.692838e+00	6.909870e+00	1.192545e-01	3.591068e-04	-5.734667e-04	1.374975e-03	
3	8	13	2	-7.539028e-02	7.192258e-03	-7.777312e-02	1.477925e-05	-1.410354e-06	5.510836e-05	0.000000e+00	0.000000e+00	0.000000e+00	9.982000e+02	3.212658e+04	1.783454e+00	-4.226576e+00	7.691313e+00	4.562413e-01	1.285607e-03	-1.975782e-03	5.269397e-03	
3	8	13	3	-9.174561e-02	1.051350e-02	-7.329739e-02	1.847738e-05	-2.117294e-06	6.903431e-05	0.000000e+00	0.000000e+00	0.000000e+00	9.982000e+02	2.907999e+04	1.801763e+00	-3.922046e+00	8.420338e+00	6.253248e-01	1.664771e-03	-2.514707e-03	7.276035e-03	
3	8	13	4	-1.082559e-01	1.410183e-02	-6.876480e-02	2.176102e-05	-2.834480e-06	8.145562e-05	0.000000e+00	0.000000e+00	0.000000e+00	9.982000e+02	2.622408e+04	1.862368e+00	-3.854460e+00	8.877712e+00	7.787192e-01	2.025388e-03	-3.075680e-03	9.065643e-03	
3	8	13	5	-1.247265e-01	1.783475e-02	-6.423220e-02	2.499084e-05	-3.573180e-06	9.370512e-05	0.000000e+00	0.000000e+00	0.000000e+00	9.982000e+02	2.219472e+04	1.972996e+00	-3.751673e+00	9.362138e+00	9.441666e-01	2.422802e-03	-3.621911e-03	1.093885e-02	
3	8	13	6	-1.411705e-01	2.164165e-02	-5.969961e-02	2.815847e-05	-4.316411e-06	1.057407e-04	0.000000e+00	0.000000e+00	0.000000e+00	9.982000e+02	1.640223e+04	2.218748e+00	-3.596361e+00	9.942370e+00	1.134735e+00	2.985976e-03	-4.151457e-03	1.303984e-02	
3	8	13	7	-1.573893e-01	2.544728e-02	-5.522388e-02	3.044990e-05	-4.922949e-06	1.144932e-04	0.000000e+00	0.000000e+00	0.000000e+00	9.982000e+02	4.840392e+03	2.835200e+00	-3.628388e+00	1.078164e+01	1.345890e+00	3.970621e-03	-4.905296e-03	1.509267e-02	
3	8	13	8	-1.681383e-01	2.798604e-02	-5.225572e-02	1.113272e-05	-1.852991e-06	4.189138e-05	0.000000e+00	0.000000e+00	0.000000e+00	9.982000e+02	-9.591272e+03	3.722291e+00	-3.536064e+00	1.184604e+01	5.483889e-01	1.936976e-03	-1.918882e-03	6.105961e-03	
3	8	14	1	-6.422308e-02	7.990956e-03	-8.074128e-02	4.447216e-06	-5.533769e-07	1.663364e-05	0.000000e+00	0.000000e+00	0.000000e+00	9.982000e+02	3.414250e+04	1.559073e+00	-4.717350e+00	6.956343e+00	1.239641e-01	3.456506e-04	-6.058899e-04	1.432814e-03	
3	8	14	2	-7.498796e-02	1.058392e-02	-7.777312e-02	1.519536e-05	-2.145225e-06	5.696195e-05	0.000000e+00	0.000000e+00	0.000000e+00	9.982000e+02	3.219981e+04	1.521069e+00	-4.256758e+00	7.609577e+00	4.658684e-01	1.194357e-03	-2.054023e-03	5.367037e-03	
3	8	14	3	-9.117503e-02	1.464928e-02	-7.329739e-02	1.901417e-05	-3.055122e-06	7.148155e-05	0.000000e+00	0.000000e+00	0.000000e+00	9.982000e+02	2.904798e+04	1.611526e+00	-3.951550e+00	8.348247e+00	6.418455e-01	1.586773e-03	-2.625700e-03	7.435458e-03	
3	8	14	4	-1.075069e-01	1.897453e-02	-6.876480e-02	2.241093e-05	-3.955311e-06	8.446950e-05	0.000000e+00	0.000000e+00	0.000000e+00	9.982000e+02	2.612211e+04	1.760423e+00	-3.935682e+00	8.851633e+00	8.067095e-01	2.010129e-03	-3.278570e-03	9.364087e-03	
3	8	14	5	-1.237948e-01	2.343178e-02	-6.423220e-02	2.574727e-05	-4.873218e-06	9.726409e-05	0.000000e+00	0.000000e+00	0.000000e+00	9.982000e+02	2.217253e+04	1.903889e+00	-3.862701e+00	9.347593e+00	9.812875e-01	2.444610e-03	-3.899209e-03	1.134973e-02	
3	8	14	6	-1.400553e-01	2.794994e-02	-5.969961e-02	2.902737e-05	-5.792541e-06	1.098670e-04	0.000000e+00	0.000000e+00	0.000000e+00	9.982000e+02	1.643906e+04	2.138597e+00	-3.707747e+00	9.938146e+00	1.181190e+00	3.009963e-03	-4.474671e-03	1.356946e-02	
3	8	14	7	-1.560936e-01	3.244631e-02	-5.522388e-02	3.140564e-05	-6.527860e-06	1.190622e-04	0.000000e+00	0.000000e+00	0.000000e+00	9.982000e+02	4.888172e+03	2.721939e+00	-3.728312e+00	1.079317e+01	1.402617e+00	3.979093e-03	-5.259457e-03	1.574950e-02	
3	8	14	8	-1.667233e-01	3.543862e-02	-5.225572e-02	1.148505e-05	-2.441244e-06	4.358223e-05	0.000000e+00	0.000000e+00	0.000000e+00	9.982000e+02	-9.646310e+03	3.585075e+00	-3.662142e+00	1.186833e+01	5.716011e-01	1.941153e-03	-2.067395e-03	6.375564e-03	
3	8	15	1	-6.379201e-02	1.091056e-02	-8.074128e-02	4.413461e-06	-7.548816e-07	1.661894e-05	0.000000e+00	0.000000e+00	0.000000e+00	9.982000e+02	3.410420e+04	1.332571e+00	-4.793277e+00	7.038812e+00	1.251660e-01	3.177399e-04	-6.279831e-04	1.450392e-03	
3	8	15	2	-7.442405e-02	1.400917e-02	-7.777312e-02	1.507609e-05	-2.838455e-06	5.694316e-05	0.000000e+00	0.000000e+00	0.000000e+00	9.982000e+02	3.243379e+04	1.235272e+00	-4.274563e+00	7.587661e+00	4.633391e-01	1.056915e-03	-2.073797e-03	5.347327e-03	
3	8	15	3	-9.040421e-02	1.882941e-02	-7.329739e-02	1.887954e-05	-3.932521e-06	7.158024e-05	0.000000e+00	0.000000e+00	0.000000e+00	9.982000e+02	2.930515e+04	1.367589e+00	-3.946413e+00	8.231766e+00	6.336442e-01	1.420390e-03	-2.615954e-03	7.315769e-03	
3	8	15	4	-1.065190e-01	2.390463e-02	-6.876480e-02	2.228138e-05	-5.000312e-06	8.475940e-05	0.000000e+00	0.000000e+00	0.000000e+00	9.982000e+02	2.603621e+04	1.603952e+00	-3.969435e+00	8.784003e+00	8.037218e-01	1.872275e-03	-3.321113e-03	9.278145e-03	
3	8	15	5	-1.225864e-01	2.909802e-02	-6.423220e-02	2.561824e-05	-6.080769e-06	9.772973e-05	0.000000e+00	0.000000e+00	0.000000e+00	9.982000e+02	2.215651e+04	1.807746e+00	-3.959674e+00	9.309346e+00	9.844203e-01	2.352612e-03	-4.033752e-03	1.135017e-02	
3	8	15	6	-1.386269e-01	3.433906e-02	-5.969961e-02	2.889116e-05	-7.156330e-06	1.104773e-04	0.000000e+00	0.000000e+00	0.000000e+00	9.982000e+02	1.653570e+04	2.036917e+00	-3.832780e+00	9.901152e+00	1.186275e+00	2.900827e-03	-4.664893e-03	1.359694e-02	
3	8	15	7	-1.544497e-01	3.953640e-02	-5.522388e-02	3.125474e-05	-8.000381e-06	1.197506e-04	0.000000e+00	0.000000e+00	0.000000e+00	9.982000e+02	5.018097e+03	2.586395e+00	-3.848683e+00	1.077730e+01	1.410502e+00	3.812821e-03	-5.466671e-03	1.583136e-02	
3	8	15	8	-1.649377e-01	4.298784e-02	-5.225572e-02	1.142604e-05	-2.977973e-06	4.382760e-05	0.000000e+00	0.000000e+00	0.000000e+00	9.982000e+02	-9.533284e+03	3.424395e+00	-3.820610e+00	1.186064e+01	5.747489e-01	1.862041e-03	-2.165094e-03	6.411183e-03	
3	8	16	1	-6.324002e-02	1.375863e-02	-8.074128e-02	4.230124e-06	-9.203447e-07	1.606819e-05	0.000000e+00	0.000000e+00	0.000000e+00	9.982000e+02	3.406061e+04	1.086860e+00	-4.907172e+00	7.121463e+00	1.222501e-01	2.772425e-04	-6.335461e-04	1.420436e-03	
3	8	16	2	-7.371825e-02	1.734904e-02	-7.777312e-02	1.444079e-05	-3.399178e-06	5.506784e-05	0.000000e+00	0.000000e+00	0.000000e+00	9.982000e+02	3.262791e+04	9.361402e-01	-4.288561e+00	7.654282e+00	4.508816e-01	8.924887e-04	-2.045503e-03	5.246125e-03	
3	8	16	3	-8.945935e-02	2.290761e-02	-7.329739e-02	1.809014e-05	-4.632738e-06	6.931392e-05	0.000000e+00	0.000000e+00	0.000000e+00	9.982000e+02	2.935822e+04	1.068489e+00	-3.888446e+00	8.119124e+00	6.029916e-01	1.173901e-03	-2.480410e-03	6.925104e-03	
3	8	16	4	-1.053249e-01	2.871892e-02	-6.876480e-02	2.136106e-05	-5.824592e-06	8.218225e-05	0.000000e+00	0.000000e+00	0.000000e+00	9.982000e+02	2.622090e+04	1.381700e+00	-3.954714e+00	8.659031e+00	7.680136e-01	1.622735e-03	-3.189988e-03	8.810397e-03	
3	8	16	5	-1.211409e-01	3.463389e-02	-6.423220e-02	2.456547e-05	-7.023141e-06	9.483452e-05	0.000000e+00	0.000000e+00	0.000000e+00	9.982000e+02	2.213826e+04	1.666889e+00	-4.010665e+00	9.233939e+00	9.484037e-01	2.126024e-03	-3.959904e-03	1.086226e-02	
3	8	16	6	-1.369314e-01	4.058330e-02	-5.969961e-02	2.771404e-05	-8.213625e-06	1.072911e-04	0.000000e+00	0.000000e+00	0.000000e+00	9.982000e+02	1.667228e+04	1.908651e+00	-3.958564e+00	9.843267e+00	1.147964e+00	2.659710e-03	-4.680833e-03	1.311232e-02	
3	8	16	7	-1.525107e-01	4.646606e-02	-5.522388e-02	2.998771e-05	-9.136251e-06	1.163599e-04	0.000000e+00	0.000000e+00	0.000000e+00	9.982000e+02	5.251928e+03	2.425751e+00	-3.983955e+00	1.073573e+01	1.367292e+00	3.481991e-03	-5.492567e-03	1.531816e-02	
3	8	16	8	-1.628392e-01	5.036509e-02	-5.225572e-02	1.096310e-05	-3.390801e-06	4.259489e-05	0.000000e+00	0.000000e+00	0.000000e+00	9.982000e+02	-9.230783e+03	3.241331e+00	-3.996737e+00	1.182928e+01	5.576647e-01	1.709177e-03	-2.194817e-03	6.215376e-03	
