b	i	j	k	px	py	pz	nVx	nVy	nVz	velx	vely	velz	rho	p	u	v	w	mp	fx	fy	fz
0	1	4	1	-8.552790e-02	-1.087182e-02	-1.314604e-01	-6.054626e-06	-2.786842e-05	-1.050729e-05	0.000000e+00	0.000000e+00	0.000000e+00	9.982000e+02	5.197960e+04	2.852150e+00	-2.459364e+00	4.879457e+00	-4.270393e-04	-3.165030e-04	-1.450158e-03	-5.492342e-04	
0	1	4	2	-9.562026e-02	-1.085150e-02	-1.256888e-01	-1.791745e-05	-8.236027e-05	-3.102221e-05	0.000000e+00	0.000000e+00	0.000000e+00	9.982000e+02	5.366976e+04	2.306649e+00	-2.387945e+00	5.007461e+00	-6.288040e-04	-9.648109e-04	-4.426728e-03	-1.671109e-03	
0	1	4	3	-1.108092e-01	-1.082095e-02	-1.170019e-01	-1.880353e-05	-8.652919e-05	-3.259041e-05	0.000000e+00	0.000000e+00	0.000000e+00	9.982000e+02	5.175031e+04	1.891724e+00	-2.427445e+00	5.353533e+00	-4.365052e-04	-9.756696e-04	-4.484928e-03	-1.691945e-03	
0	1	4	4	-1.262277e-01	-1.079366e-02	-1.081768e-01	-1.932115e-05	-8.901669e-05	-3.347504e-05	0.000000e+00	0.000000e+00	0.000000e+00	9.982000e+02	5.004675e+04	1.783707e+00	-2.516538e+00	5.662446e+00	-2.670843e-04	-9.691816e-04	-4.462357e-03	-1.679853e-03	
0	1	4	5	-1.417014e-01	-1.077522e-02	-9.928934e-02	-1.975103e-05	-9.084152e-05	-3.417892e-05	0.000000e+00	0.000000e+00	0.000000e+00	9.982000e+02	4.807690e+04	1.871219e+00	-2.657352e+00	5.981447e+00	-1.467056e-03	-9.540245e-04	-4.371378e-03	-1.654959e-03	
0	1	4	6	-1.571276e-01	-1.076668e-02	-9.040351e-02	-1.988433e-05	-9.147841e-05	-3.445499e-05	0.000000e+00	0.000000e+00	0.000000e+00	9.982000e+02	4.660004e+04	2.120038e+00	-2.771424e+00	6.134668e+00	-2.294406e-03	-9.280179e-04	-4.240752e-03	-1.613698e-03	
0	1	4	7	-1.722064e-01	-1.075752e-02	-8.172417e-02	-1.933784e-05	-8.899693e-05	-3.349592e-05	0.000000e+00	0.000000e+00	0.000000e+00	9.982000e+02	4.324943e+04	2.770988e+00	-2.929314e+00	6.183291e+00	-2.838923e-03	-8.344385e-04	-3.795987e-03	-1.449300e-03	
0	1	4	8	-1.821176e-01	-1.074580e-02	-7.603224e-02	-6.614029e-06	-3.041660e-05	-1.144734e-05	0.000000e+00	0.000000e+00	0.000000e+00	9.982000e+02	4.381891e+04	3.280904e+00	-2.963236e+00	5.977947e+00	-7.401484e-05	-2.898702e-04	-1.331728e-03	-5.017198e-04	
0	2	4	1	-8.806544e-02	-8.816607e-03	-1.354655e-01	-6.160430e-06	-2.854633e-05	-1.070315e-05	0.000000e+00	0.000000e+00	0.000000e+00	9.982000e+02	5.117864e+04	2.867773e+00	-2.465956e+00	4.926335e+00	-3.725727e-04	-3.169201e-04	-1.462683e-03	-5.505969e-04	
0	2	4	2	-9.820049e-02	-8.756383e-03	-1.297738e-01	-1.832407e-05	-8.456432e-05	-3.169853e-05	0.000000e+00	0.000000e+00	0.000000e+00	9.982000e+02	5.323268e+04	2.319101e+00	-2.395737e+00	5.050661e+00	-4.465809e-04	-9.782353e-04	-4.508634e-03	-1.692699e-03	
0	2	4	3	-1.134413e-01	-8.675187e-03	-1.211899e-01	-1.913479e-05	-8.836522e-05	-3.317493e-05	0.000000e+00	0.000000e+00	0.000000e+00	9.982000e+02	5.146261e+04	1.988374e+00	-2.440975e+00	5.354952e+00	-4.939324e-05	-9.866003e-04	-4.555584e-03	-1.710612e-03	
0	2	4	4	-1.288411e-01	-8.606034e-03	-1.124905e-01	-1.950053e-05	-9.001615e-05	-3.379968e-05	0.000000e+00	0.000000e+00	0.000000e+00	9.982000e+02	4.981567e+04	1.938109e+00	-2.546972e+00	5.664979e+00	-1.662846e-03	-9.764040e-04	-4.488096e-03	-1.696213e-03	
0	2	4	5	-1.442592e-01	-8.551205e-03	-1.037326e-01	-1.991169e-05	-9.187717e-05	-3.444610e-05	0.000000e+00	0.000000e+00	0.000000e+00	9.982000e+02	4.814850e+04	2.024934e+00	-2.672533e+00	5.957855e+00	-2.182419e-03	-9.635668e-04	-4.419984e-03	-1.672283e-03	
0	2	4	6	-1.596889e-01	-8.511272e-03	-9.492704e-02	-2.013232e-05	-9.303233e-05	-3.488314e-05	0.000000e+00	0.000000e+00	0.000000e+00	9.982000e+02	4.672372e+04	2.267880e+00	-2.772106e+00	6.084251e+00	-2.225673e-03	-9.415620e-04	-4.321613e-03	-1.636241e-03	
0	2	4	7	-1.748468e-01	-8.477442e-03	-8.626770e-02	-1.966746e-05	-9.080547e-05	-3.406683e-05	0.000000e+00	0.000000e+00	0.000000e+00	9.982000e+02	4.346130e+04	2.873433e+00	-2.925026e+00	6.137795e+00	-2.535158e-03	-8.531934e-04	-3.898361e-03	-1.480798e-03	
0	2	4	8	-1.848311e-01	-8.452980e-03	-8.056611e-02	-6.740234e-06	-3.106877e-05	-1.165382e-05	0.000000e+00	0.000000e+00	0.000000e+00	9.982000e+02	4.418165e+04	3.297894e+00	-2.952501e+00	5.963880e+00	-4.575988e-05	-2.980532e-04	-1.373034e-03	-5.153442e-04	
0	3	4	1	-9.064889e-02	-6.709919e-03	-1.395939e-01	-6.319640e-06	-2.918832e-05	-1.094861e-05	0.000000e+00	0.000000e+00	0.000000e+00	9.982000e+02	5.054883e+04	2.883197e+00	-2.516398e+00	5.044352e+00	-3.160443e-04	-3.209384e-04	-1.477303e-03	-5.560332e-04	
0	3	4	2	-1.007978e-01	-6.612847e-03	-1.339901e-01	-1.872651e-05	-8.643025e-05	-3.240948e-05	0.000000e+00	0.000000e+00	0.000000e+00	9.982000e+02	5.274054e+04	2.354909e+00	-2.431402e+00	5.123422e+00	-3.323692e-04	-9.902112e-04	-4.565790e-03	-1.714081e-03	
0	3	4	3	-1.160834e-01	-6.485137e-03	-1.255037e-01	-1.958230e-05	-9.052124e-05	-3.392923e-05	0.000000e+00	0.000000e+00	0.000000e+00	9.982000e+02	5.121056e+04	2.052898e+00	-2.473648e+00	5.414718e+00	-5.421985e-04	-1.005743e-03	-4.642663e-03	-1.743608e-03	
0	3	4	4	-1.315215e-01	-6.378447e-03	-1.168806e-01	-1.983838e-05	-9.171255e-05	-3.439197e-05	0.000000e+00	0.000000e+00	0.000000e+00	9.982000e+02	4.944731e+04	2.020742e+00	-2.588036e+00	5.735850e+00	-1.752249e-03	-9.859063e-04	-4.536973e-03	-1.713094e-03	
0	3	4	5	-1.469221e-01	-6.292871e-03	-1.082175e-01	-2.014370e-05	-9.299048e-05	-3.486005e-05	0.000000e+00	0.000000e+00	0.000000e+00	9.982000e+02	4.782724e+04	2.110704e+00	-2.699347e+00	5.980949e+00	-2.120838e-03	-9.671199e-04	-4.438262e-03	-1.678613e-03	
0	3	4	6	-1.623274e-01	-6.225672e-03	-9.949915e-02	-2.040774e-05	-9.426315e-05	-3.535085e-05	0.000000e+00	0.000000e+00	0.000000e+00	9.982000e+02	4.663269e+04	2.346003e+00	-2.785067e+00	6.072064e+00	-2.160093e-03	-9.521642e-04	-4.368716e-03	-1.653709e-03	
0	3	4	7	-1.775241e-01	-6.168794e-03	-9.087786e-02	-2.001043e-05	-9.245501e-05	-3.466235e-05	0.000000e+00	0.000000e+00	0.000000e+00	9.982000e+02	4.362474e+04	2.914303e+00	-2.923239e+00	6.114752e+00	-2.332828e-03	-8.716362e-04	-3.989170e-03	-1.512352e-03	
0	3	4	8	-1.875666e-01	-6.132280e-03	-8.517628e-02	-6.866609e-06	-3.172558e-05	-1.188213e-05	0.000000e+00	0.000000e+00	0.000000e+00	9.982000e+02	4.479361e+04	3.280745e+00	-2.928049e+00	5.922038e+00	-6.615681e-05	-3.081888e-04	-1.422722e-03	-5.333130e-04	
0	4	4	1	-9.325729e-02	-4.551533e-03	-1.438610e-01	-6.462675e-06	-2.999664e-05	-1.117457e-05	0.000000e+00	0.000000e+00	0.000000e+00	9.982000e+02	4.989796e+04	2.888201e+00	-2.544747e+00	5.160679e+00	-3.101986e-04	-3.239525e-04	-1.498683e-03	-5.601959e-04	
0	4	4	2	-1.034295e-01	-4.422815e-03	-1.383307e-01	-1.903176e-05	-8.850198e-05	-3.296055e-05	0.000000e+00	0.000000e+00	0.000000e+00	9.982000e+02	5.216296e+04	2.396605e+00	-2.453551e+00	5.204177e+00	-2.659673e-04	-9.951816e-04	-4.624197e-03	-1.723806e-03	
0	4	4	3	-1.187412e-01	-4.254901e-03	-1.299427e-01	-1.985385e-05	-9.247252e-05	-3.439972e-05	0.000000e+00	0.000000e+00	0.000000e+00	9.982000e+02	5.085391e+04	2.137051e+00	-2.492929e+00	5.468031e+00	-5.073470e-04	-1.012552e-03	-4.709806e-03	-1.755293e-03	
0	4	4	4	-1.342178e-01	-4.115460e-03	-1.213876e-01	-2.011388e-05	-9.383029e-05	-3.486844e-05	0.000000e+00	0.000000e+00	0.000000e+00	9.982000e+02	4.894883e+04	2.126808e+00	-2.607665e+00	5.790324e+00	-1.597136e-03	-9.892972e-04	-4.595045e-03	-1.718362e-03	
0	4	4	5	-1.496478e-01	-4.003174e-03	-1.127808e-01	-2.032514e-05	-9.474862e-05	-3.516867e-05	0.000000e+00	0.000000e+00	0.000000e+00	9.982000e+02	4.760693e+04	2.223140e+00	-2.704027e+00	6.000147e+00	-1.933467e-03	-9.709016e-04	-4.500797e-03	-1.684125e-03	
0	4	4	6	-1.650456e-01	-3.912737e-03	-1.041293e-01	-2.052027e-05	-9.574096e-05	-3.553629e-05	0.000000e+00	0.000000e+00	0.000000e+00	9.982000e+02	4.656716e+04	2.440280e+00	-2.772048e+00	6.059251e+00	-2.068178e-03	-9.559542e-04	-4.430984e-03	-1.659286e-03	
0	4	4	7	-1.802488e-01	-3.836408e-03	-9.555654e-02	-2.016928e-05	-9.409013e-05	-3.493355e-05	0.000000e+00	0.000000e+00	0.000000e+00	9.982000e+02	4.370040e+04	2.959535e+00	-2.896731e+00	6.093345e+00	-2.197034e-03	-8.802143e-04	-4.069643e-03	-1.526675e-03	
0	4	4	8	-1.903248e-01	-3.789455e-03	-8.986815e-02	-6.928079e-06	-3.238593e-05	-1.202104e-05	0.000000e+00	0.000000e+00	0.000000e+00	9.982000e+02	4.505456e+04	3.249177e+00	-2.878900e+00	5.883459e+00	-9.002351e-05	-3.129115e-04	-1.461111e-03	-5.429608e-04	
0	5	4	1	-9.589103e-02	-2.353368e-03	-1.482838e-01	-6.558571e-06	-3.091151e-05	-1.134318e-05	0.000000e+00	0.000000e+00	0.000000e+00	9.982000e+02	4.946553e+04	2.899966e+00	-2.543032e+00	5.253319e+00	-3.070426e-04	-3.258994e-04	-1.531033e-03	-5.637227e-04	
0	5	4	2	-1.060931e-01	-2.198863e-03	-1.428118e-01	-1.927133e-05	-9.102996e-05	-3.337163e-05	0.000000e+00	0.000000e+00	0.000000e+00	9.982000e+02	5.169336e+04	2.446683e+00	-2.454132e+00	5.281395e+00	-2.652241e-04	-9.986461e-04	-4.713479e-03	-1.729605e-03	
0	5	4	3	-1.214355e-01	-1.998051e-03	-1.345022e-01	-2.000483e-05	-9.463317e-05	-3.465922e-05	0.000000e+00	0.000000e+00	0.000000e+00	9.982000e+02	5.053523e+04	2.202454e+00	-2.489150e+00	5.525123e+00	-4.718722e-04	-1.013812e-03	-4.789759e-03	-1.757281e-03	
0	5	4	4	-1.369318e-01	-1.831790e-03	-1.260153e-01	-2.021687e-05	-9.578631e-05	-3.505155e-05	0.000000e+00	0.000000e+00	0.000000e+00	9.982000e+02	4.855943e+04	2.208169e+00	-2.606650e+00	5.849645e+00	-1.492580e-03	-9.860846e-04	-4.652527e-03	-1.712673e-03	
0	5	4	5	-1.523937e-01	-1.697754e-03	-1.174568e-01	-2.041107e-05	-9.676331e-05	-3.533170e-05	0.000000e+00	0.000000e+00	0.000000e+00	9.982000e+02	4.733014e+04	2.315230e+00	-2.685682e+00	6.017801e+00	-1.801099e-03	-9.688916e-04	-4.568694e-03	-1.680784e-03	
0	5	4	6	-1.678164e-01	-1.588501e-03	-1.088471e-01	-2.053440e-05	-9.749478e-05	-3.555034e-05	0.000000e+00	0.000000e+00	0.000000e+00	9.982000e+02	4.646644e+04	2.521718e+00	-2.739206e+00	6.055536e+00	-1.950997e-03	-9.538659e-04	-4.500213e-03	-1.654689e-03	
0	5	4	7	-1.830253e-01	-1.496327e-03	-1.003166e-01	-2.014596e-05	-9.577540e-05	-3.489003e-05	0.000000e+00	0.000000e+00	0.000000e+00	9.982000e+02	4.388917e+04	2.995771e+00	-2.845799e+00	6.082106e+00	-2.074495e-03	-8.828715e-04	-4.161891e-03	-1.530868e-03	
0	5	4	8	-1.931105e-01	-1.440916e-03	-9.464916e-02	-6.929382e-06	-3.301490e-05	-1.203099e-05	0.000000e+00	0.000000e+00	0.000000e+00	9.982000e+02	4.535838e+04	3.234990e+00	-2.818002e+00	5.869805e+00	-1.112930e-04	-3.147863e-04	-1.497769e-03	-5.465693e-04	
0	6	4	1	-9.856375e-02	-1.290674e-04	-1.528642e-01	-6.612143e-06	-3.181105e-05	-1.143046e-05	0.000000e+00	0.000000e+00	0.000000e+00	9.982000e+02	4.901879e+04	2.906473e+00	-2.518922e+00	5.328879e+00	-2.975711e-04	-3.255695e-04	-1.561404e-03	-5.629052e-04	
0	6	4	2	-1.087894e-01	4.468087e-05	-1.474439e-01	-1.935979e-05	-9.356190e-05	-3.354833e-05	0.000000e+00	0.000000e+00	0.000000e+00	9.982000e+02	5.117325e+04	2.495608e+00	-2.435773e+00	5.352907e+00	-2.561497e-04	-9.931303e-04	-4.795877e-03	-1.721247e-03	
0	6	4	3	-1.241668e-01	2.703746e-04	-1.391982e-01	-2.004780e-05	-9.721977e-05	-3.472141e-05	0.000000e+00	0.000000e+00	0.000000e+00	9.982000e+02	5.010703e+04	2.271398e+00	-2.462761e+00	5.584234e+00	-7.210973e-04	-1.007987e-03	-4.878406e-03	-1.746956e-03	
0	6	4	4	-1.396860e-01	4.564863e-04	-1.307634e-01	-2.016792e-05	-9.809775e-05	-3.496272e-05	0.000000e+00	0.000000e+00	0.000000e+00	9.982000e+02	4.823074e+04	2.290223e+00	-2.572659e+00	5.897223e+00	-1.397310e-03	-9.767279e-04	-4.731708e-03	-1.695934e-03	
0	6	4	5	-1.551634e-01	6.065705e-04	-1.222509e-01	-2.031749e-05	-9.888088e-05	-3.517525e-05	0.000000e+00	0.000000e+00	0.000000e+00	9.982000e+02	4.714338e+04	2.403564e+00	-2.640064e+00	6.033148e+00	-1.700006e-03	-9.601650e-04	-4.648583e-03	-1.665501e-03	
0	6	4	6	-1.706104e-01	7.299638e-04	-1.136750e-01	-2.042284e-05	-9.950743e-05	-3.535196e-05	0.000000e+00	0.000000e+00	0.000000e+00	9.982000e+02	4.635823e+04	2.596587e+00	-2.686664e+00	6.062275e+00	-1.860944e-03	-9.456476e-04	-4.579064e-03	-1.639838e-03	
0	6	4	7	-1.858394e-01	8.338485e-04	-1.051737e-01	-1.996947e-05	-9.751255e-05	-3.459835e-05	0.000000e+00	0.000000e+00	0.000000e+00	9.982000e+02	4.397486e+04	3.028186e+00	-2.777343e+00	6.079901e+00	-1.973031e-03	-8.760228e-04	-4.243133e-03	-1.519411e-03	
0	6	4	8	-1.959306e-01	8.957683e-04	-9.952498e-02	-6.872048e-06	-3.360987e-05	-1.191578e-05	0.000000e+00	0.000000e+00	0.000000e+00	9.982000e+02	4.552094e+04	3.229216e+00	-2.740993e+00	5.868947e+00	-2.077873e-04	-3.128981e-04	-1.526483e-03	-5.426054e-04	
0	7	4	1	-1.012861e-01	2.104232e-03	-1.576106e-01	-6.611364e-06	-3.290272e-05	-1.143433e-05	0.000000e+00	0.000000e+00	0.000000e+00	9.982000e+02	4.877059e+04	2.909481e+00	-2.460767e+00	5.398684e+00	-2.885591e-04	-3.238620e-04	-1.606870e-03	-5.602240e-04	
0	7	4	2	-1.115325e-01	2.290465e-03	-1.522320e-01	-1.929341e-05	-9.646333e-05	-3.343598e-05	0.000000e+00	0.000000e+00	0.000000e+00	9.982000e+02	5.078662e+04	2.543129e+00	-2.388165e+00	5.422444e+00	-2.419798e-04	-9.822306e-04	-4.907303e-03	-1.702477e-03	
0	7	4	3	-1.269366e-01	2.532310e-03	-1.440396e-01	-1.990554e-05	-9.981497e-05	-3.447620e-05	0.000000e+00	0.000000e+00	0.000000e+00	9.982000e+02	4.971124e+04	2.343578e+00	-2.418686e+00	5.649429e+00	-1.077891e-03	-9.938413e-04	-4.968276e-03	-1.723041e-03	
0	7	4	4	-1.424823e-01	2.731145e-03	-1.356450e-01	-1.997174e-05	-1.005913e-04	-3.462560e-05	0.000000e+00	0.000000e+00	0.000000e+00	9.982000e+02	4.797680e+04	2.367345e+00	-2.513814e+00	5.937450e+00	-1.362100e-03	-9.615462e-04	-4.823348e-03	-1.669562e-03	
0	7	4	5	-1.579777e-01	2.891477e-03	-1.271672e-01	-2.005427e-05	-1.012272e-04	-3.471655e-05	0.000000e+00	0.000000e+00	0.000000e+00	9.982000e+02	4.703053e+04	2.482100e+00	-2.567294e+00	6.051967e+00	-1.632747e-03	-9.448492e-04	-4.744669e-03	-1.638527e-03	
0	7	4	6	-1.734374e-01	3.023683e-03	-1.186221e-01	-2.011943e-05	-1.018153e-04	-3.482347e-05	0.000000e+00	0.000000e+00	0.000000e+00	9.982000e+02	4.636204e+04	2.665164e+00	-2.604562e+00	6.075293e+00	-1.771408e-03	-9.313622e-04	-4.684761e-03	-1.614631e-03	
0	7	4	7	-1.886829e-01	3.134629e-03	-1.101425e-01	-1.963705e-05	-9.962762e-05	-3.401981e-05	0.000000e+00	0.000000e+00	0.000000e+00	9.982000e+02	4.414303e+04	3.059611e+00	-2.682404e+00	6.089387e+00	-1.892801e-03	-8.641293e-04	-4.349749e-03	-1.498539e-03	
0	7	4	8	-1.987844e-01	3.200838e-03	-1.045070e-01	-6.746354e-06	-3.428820e-05	-1.169830e-05	0.000000e+00	0.000000e+00	0.000000e+00	9.982000e+02	4.562069e+04	3.228465e+00	-2.644252e+00	5.888572e+00	-1.565209e-04	-3.076715e-04	-1.560758e-03	-5.335535e-04	
0	8	4	1	-1.040645e-01	4.327533e-03	-1.625347e-01	-6.557036e-06	-3.402631e-05	-1.135491e-05	0.000000e+00	0.000000e+00	0.000000e+00	9.982000e+02	4.859013e+04	2.913151e+00	-2.382796e+00	5.458091e+00	-2.599975e-04	-3.199401e-04	-1.655706e-03	-5.541521e-04	
0	8	4	2	-1.143351e-01	4.519402e-03	-1.571841e-01	-1.907731e-05	-9.952432e-05	-3.306262e-05	0.000000e+00	0.000000e+00	0.000000e+00	9.982000e+02	5.043476e+04	2.592723e+00	-2.319824e+00	5.487064e+00	-2.012094e-04	-9.644171e-04	-5.028069e-03	-1.671618e-03	
0	8	4	3	-1.297618e-01	4.767948e-03	-1.490303e-01	-1.958073e-05	-1.027554e-04	-3.391406e-05	0.000000e+00	0.000000e+00	0.000000e+00	9.982000e+02	4.940029e+04	2.417169e+00	-2.347166e+00	5.716034e+00	-1.120474e-03	-9.714789e-04	-5.081264e-03	-1.684330e-03	
0	8	4	4	-1.453237e-01	4.971610e-03	-1.406680e-01	-1.957926e-05	-1.032967e-04	-3.394361e-05	0.000000e+00	0.000000e+00	0.000000e+00	9.982000e+02	4.781260e+04	2.442995e+00	-2.427298e+00	5.977555e+00	-1.323561e-03	-9.386987e-04	-4.932145e-03	-1.629686e-03	
0	8	4	5	-1.608379e-01	5.136196e-03	-1.322134e-01	-1.961266e-05	-1.036679e-04	-3.394500e-05	0.000000e+00	0.000000e+00	0.000000e+00	9.982000e+02	4.693155e+04	2.555577e+00	-2.472484e+00	6.074404e+00	-1.631500e-03	-9.213812e-04	-4.844166e-03	-1.597397e-03	
0	8	4	6	-1.763121e-01	5.272107e-03	-1.236905e-01	-1.961594e-05	-1.040555e-04	-3.396676e-05	0.000000e+00	0.000000e+00	0.000000e+00	9.982000e+02	4.632644e+04	2.729328e+00	-2.503071e+00	6.091841e+00	-1.762183e-03	-9.064625e-04	-4.778601e-03	-1.572031e-03	
0	8	4	7	-1.915684e-01	5.385539e-03	-1.152305e-01	-1.912351e-05	-1.018560e-04	-3.313355e-05	0.000000e+00	0.000000e+00	0.000000e+00	9.982000e+02	4.436326e+04	3.092851e+00	-2.565354e+00	6.101081e+00	-1.864840e-03	-8.453591e-04	-4.467149e-03	-1.466062e-03	
0	8	4	8	-2.016777e-01	5.453190e-03	-1.096036e-01	-6.566489e-06	-3.502301e-05	-1.137501e-05	0.000000e+00	0.000000e+00	0.000000e+00	9.982000e+02	4.572300e+04	3.243386e+00	-2.531360e+00	5.921594e+00	-5.811328e-05	-3.002368e-04	-1.600191e-03	-5.201122e-04	
0	9	4	1	-1.069088e-01	6.519251e-03	-1.676461e-01	-6.439854e-06	-3.532268e-05	-1.114798e-05	0.000000e+00	0.000000e+00	0.000000e+00	9.982000e+02	4.852442e+04	2.926967e+00	-2.272863e+00	5.510806e+00	-2.325523e-04	-3.137352e-04	-1.716576e-03	-5.432082e-04	
0	9	4	2	-1.172048e-01	6.709544e-03	-1.623097e-01	-1.866140e-05	-1.030146e-04	-3.234977e-05	0.000000e+00	0.000000e+00	0.000000e+00	9.982000e+02	5.016486e+04	2.645508e+00	-2.222910e+00	5.552534e+00	-1.521803e-04	-9.382380e-04	-5.176692e-03	-1.626595e-03	
0	9	4	3	-1.326581e-01	6.955375e-03	-1.541759e-01	-1.905697e-05	-1.058133e-04	-3.300189e-05	0.000000e+00	0.000000e+00	0.000000e+00	9.982000e+02	4.909281e+04	2.488674e+00	-2.251481e+00	5.781788e+00	-1.093968e-03	-9.388532e-04	-5.195372e-03	-1.627471e-03	
0	9	4	4	-1.482291e-01	7.155935e-03	-1.458348e-01	-1.897476e-05	-1.060962e-04	-3.290094e-05	0.000000e+00	0.000000e+00	0.000000e+00	9.982000e+02	4.767333e+04	2.519335e+00	-2.316416e+00	6.016820e+00	-1.329242e-03	-9.062093e-04	-5.045217e-03	-1.573500e-03	
0	9	4	5	-1.637510e-01	7.318268e-03	-1.373989e-01	-1.896862e-05	-1.065095e-04	-3.282402e-05	0.000000e+00	0.000000e+00	0.000000e+00	9.982000e+02	4.691250e+04	2.626874e+00	-2.347859e+00	6.100443e+00	-1.625287e-03	-8.902189e-04	-4.970853e-03	-1.542999e-03	
0	9	4	6	-1.792383e-01	7.452412e-03	-1.288887e-01	-1.891188e-05	-1.067215e-04	-3.275230e-05	0.000000e+00	0.000000e+00	0.000000e+00	9.982000e+02	4.638992e+04	2.789499e+00	-2.371730e+00	6.117427e+00	-1.779140e-03	-8.745748e-04	-4.903149e-03	-1.516913e-03	
0	9	4	7	-1.945049e-01	7.563681e-03	-1.204396e-01	-1.838513e-05	-1.041523e-04	-3.186292e-05	0.000000e+00	0.000000e+00	0.000000e+00	9.982000e+02	4.445717e+04	3.129729e+00	-2.425172e+00	6.121436e+00	-1.142315e-03	-8.154681e-04	-4.596667e-03	-1.414070e-03	
0	9	4	8	-2.046193e-01	7.630077e-03	-1.148189e-01	-6.312805e-06	-3.581383e-05	-1.092779e-05	0.000000e+00	0.000000e+00	0.000000e+00	9.982000e+02	4.575856e+04	3.266279e+00	-2.395083e+00	5.962569e+00	-4.414033e-05	-2.887485e-04	-1.637206e-03	-4.998518e-04	
0	10	4	1	-1.098359e-01	8.653201e-03	-1.729538e-01	-6.233849e-06	-3.664959e-05	-1.079829e-05	0.000000e+00	0.000000e+00	0.000000e+00	9.982000e+02	4.847443e+04	2.944302e+00	-2.139672e+00	5.562342e+00	-2.049312e-04	-3.033314e-04	-1.779334e-03	-5.255265e-04	
0	10	4	2	-1.201518e-01	8.834727e-03	-1.676185e-01	-1.801717e-05	-1.066470e-04	-3.121726e-05	0.000000e+00	0.000000e+00	0.000000e+00	9.982000e+02	4.979865e+04	2.703239e+00	-2.103308e+00	5.625309e+00	-3.224194e-05	-8.989358e-04	-5.320385e-03	-1.557563e-03	
0	10	4	3	-1.356321e-01	9.068566e-03	-1.594848e-01	-1.829894e-05	-1.093002e-04	-3.169525e-05	0.000000e+00	0.000000e+00	0.000000e+00	9.982000e+02	4.884782e+04	2.563805e+00	-2.124955e+00	5.847664e+00	-1.092822e-03	-8.962328e-04	-5.334168e-03	-1.553888e-03	
0	10	4	4	-1.512179e-01	9.258553e-03	-1.511486e-01	-1.812421e-05	-1.092071e-04	-3.142560e-05	0.000000e+00	0.000000e+00	0.000000e+00	9.982000e+02	4.758589e+04	2.593879e+00	-2.174399e+00	6.060273e+00	-1.358450e-03	-8.632400e-04	-5.177261e-03	-1.498900e-03	
0	10	4	5	-1.667372e-01	9.412110e-03	-1.427243e-01	-1.804539e-05	-1.091807e-04	-3.122662e-05	0.000000e+00	0.000000e+00	0.000000e+00	9.982000e+02	4.688156e+04	2.694977e+00	-2.199103e+00	6.131555e+00	-1.687610e-03	-8.453690e-04	-5.083581e-03	-1.465349e-03	
0	10	4	6	-1.822244e-01	9.538750e-03	-1.342239e-01	-1.796080e-05	-1.093889e-04	-3.111912e-05	0.000000e+00	0.000000e+00	0.000000e+00	9.982000e+02	4.639862e+04	2.853470e+00	-2.217341e+00	6.147406e+00	-1.442271e-03	-8.310383e-04	-5.033162e-03	-1.441605e-03	
0	10	4	7	-1.974989e-01	9.643964e-03	-1.257785e-01	-1.744635e-05	-1.067660e-04	-3.022625e-05	0.000000e+00	0.000000e+00	0.000000e+00	9.982000e+02	4.445879e+04	3.181009e+00	-2.263195e+00	6.158065e+00	-1.480744e-04	-7.751948e-04	-4.740725e-03	-1.343141e-03	
0	10	4	8	-2.076177e-01	9.706704e-03	-1.201596e-01	-5.976329e-06	-3.666126e-05	-1.035329e-05	0.000000e+00	0.000000e+00	0.000000e+00	9.982000e+02	4.573257e+04	3.300320e+00	-2.235913e+00	6.012346e+00	-2.781978e-05	-2.730821e-04	-1.674572e-03	-4.730907e-04	
0	11	4	1	-1.128556e-01	1.069869e-02	-1.784633e-01	-5.930406e-06	-3.809091e-05	-1.028198e-05	0.000000e+00	0.000000e+00	0.000000e+00	9.982000e+02	4.842049e+04	2.969249e+00	-1.979434e+00	5.620473e+00	-1.610423e-04	-2.881499e-04	-1.847387e-03	-4.996627e-04	
0	11	4	2	-1.231902e-01	1.086457e-02	-1.731183e-01	-1.708086e-05	-1.106689e-04	-2.959552e-05	0.000000e+00	0.000000e+00	0.000000e+00	9.982000e+02	4.953041e+04	2.766199e+00	-1.952872e+00	5.706034e+00	-6.368325e-04	-8.493117e-04	-5.490118e-03	-1.472161e-03	
0	11	4	3	-1.386934e-01	1.107711e-02	-1.649695e-01	-1.724929e-05	-1.130505e-04	-2.988684e-05	0.000000e+00	0.000000e+00	0.000000e+00	9.982000e+02	4.860020e+04	2.640295e+00	-1.967149e+00	5.917118e+00	-1.134894e-03	-8.396821e-04	-5.481337e-03	-1.456394e-03	
0	11	4	4	-1.542962e-01	1.124911e-02	-1.566181e-01	-1.702248e-05	-1.125519e-04	-2.949796e-05	0.000000e+00	0.000000e+00	0.000000e+00	9.982000e+02	4.747324e+04	2.669018e+00	-2.004965e+00	6.109890e+00	-1.460669e-03	-8.079191e-04	-5.313237e-03	-1.402201e-03	
0	11	4	5	-1.698186e-01	1.138793e-02	-1.481875e-01	-1.685360e-05	-1.122540e-04	-2.917446e-05	0.000000e+00	0.000000e+00	0.000000e+00	9.982000e+02	4.686252e+04	2.766639e+00	-2.019560e+00	6.172380e+00	-1.827510e-03	-7.881265e-04	-5.212033e-03	-1.366819e-03	
0	11	4	6	-1.852940e-01	1.150207e-02	-1.396932e-01	-1.671526e-05	-1.122052e-04	-2.896779e-05	0.000000e+00	0.000000e+00	0.000000e+00	9.982000e+02	4.624786e+04	2.929290e+00	-2.034986e+00	6.192125e+00	-4.125719e-04	-7.722612e-04	-5.175045e-03	-1.338801e-03	
0	11	4	7	-2.005605e-01	1.159741e-02	-1.312508e-01	-1.621807e-05	-1.093481e-04	-2.808490e-05	0.000000e+00	0.000000e+00	0.000000e+00	9.982000e+02	4.455587e+04	3.238096e+00	-2.072882e+00	6.200846e+00	-8.825187e-05	-7.220868e-04	-4.866466e-03	-1.250494e-03	
0	11	4	8	-2.106802e-01	1.165400e-02	-1.256295e-01	-5.542726e-06	-3.753641e-05	-9.611473e-06	0.000000e+00	0.000000e+00	0.000000e+00	9.982000e+02	4.563425e+04	3.346114e+00	-2.050330e+00	6.077676e+00	-1.195034e-05	-2.524751e-04	-1.709514e-03	-4.378123e-04	
0	12	4	1	-1.159853e-01	1.261724e-02	-1.841869e-01	-5.503259e-06	-3.967461e-05	-9.531547e-06	0.000000e+00	0.000000e+00	0.000000e+00	9.982000e+02	4.828822e+04	3.017974e+00	-1.785336e+00	5.688880e+00	-9.668277e-05	-2.665140e-04	-1.919098e-03	-4.616423e-04	
0	12	4	2	-1.263334e-01	1.276102e-02	-1.788181e-01	-1.576742e-05	-1.148745e-04	-2.732928e-05	0.000000e+00	0.000000e+00	0.000000e+00	9.982000e+02	4.923601e+04	2.837949e+00	-1.767220e+00	5.790912e+00	-8.446771e-04	-7.787888e-04	-5.654939e-03	-1.350593e-03	
0	12	4	3	-1.418536e-01	1.294383e-02	-1.706352e-01	-1.583535e-05	-1.169487e-04	-2.743576e-05	0.000000e+00	0.000000e+00	0.000000e+00	9.982000e+02	4.838064e+04	2.719288e+00	-1.775217e+00	5.997588e+00	-1.354700e-03	-7.660791e-04	-5.628115e-03	-1.329026e-03	
0	12	4	4	-1.574690e-01	1.309104e-02	-1.622531e-01	-1.554849e-05	-1.162172e-04	-2.693819e-05	0.000000e+00	0.000000e+00	0.000000e+00	9.982000e+02	4.740376e+04	2.746286e+00	-1.798558e+00	6.174235e+00	-1.712752e-03	-7.358057e-04	-5.461582e-03	-1.277232e-03	
0	12	4	5	-1.730020e-01	1.320949e-02	-1.537999e-01	-1.531447e-05	-1.155925e-04	-2.652692e-05	0.000000e+00	0.000000e+00	0.000000e+00	9.982000e+02	4.684784e+04	2.848416e+00	-1.807056e+00	6.229906e+00	-1.919440e-03	-7.153551e-04	-5.354793e-03	-1.241591e-03	
0	12	4	6	-1.884712e-01	1.330657e-02	-1.452938e-01	-1.512429e-05	-1.150628e-04	-2.619718e-05	0.000000e+00	0.000000e+00	0.000000e+00	9.982000e+02	4.627286e+04	3.013283e+00	-1.819158e+00	6.250434e+00	-1.251363e-04	-6.994948e-04	-5.318535e-03	-1.211743e-03	
0	12	4	7	-2.037149e-01	1.338799e-02	-1.368515e-01	-1.462443e-05	-1.120454e-04	-2.532857e-05	0.000000e+00	0.000000e+00	0.000000e+00	9.982000e+02	4.460427e+04	3.302698e+00	-1.843603e+00	6.248562e+00	-4.480304e-05	-6.513503e-04	-4.989122e-03	-1.128122e-03	
0	12	4	8	-2.138189e-01	1.343614e-02	-1.312316e-01	-4.995072e-06	-3.844400e-05	-8.656196e-06	0.000000e+00	0.000000e+00	0.000000e+00	9.982000e+02	4.514215e+04	3.422934e+00	-1.833720e+00	6.168729e+00	7.884781e-06	-2.244493e-04	-1.727668e-03	-3.889566e-04	
0	13	4	1	-1.192464e-01	1.435582e-02	-1.901332e-01	-4.887900e-06	-4.134237e-05	-8.455185e-06	0.000000e+00	0.000000e+00	0.000000e+00	9.982000e+02	4.784926e+04	3.098321e+00	-1.550045e+00	5.787957e+00	-2.793960e-04	-2.345728e-04	-1.976279e-03	-4.058886e-04	
0	13	4	2	-1.295984e-01	1.447084e-02	-1.847239e-01	-1.390398e-05	-1.194081e-04	-2.409044e-05	0.000000e+00	0.000000e+00	0.000000e+00	9.982000e+02	4.858275e+04	2.928403e+00	-1.532433e+00	5.905601e+00	-1.461970e-03	-6.750825e-04	-5.758652e-03	-1.170885e-03	
0	13	4	3	-1.451262e-01	1.461545e-02	-1.764883e-01	-1.383145e-05	-1.211945e-04	-2.398384e-05	0.000000e+00	0.000000e+00	0.000000e+00	9.982000e+02	4.746476e+04	2.818721e+00	-1.533700e+00	6.124500e+00	-1.632350e-03	-6.537549e-04	-5.685614e-03	-1.135637e-03	
0	13	4	4	-1.607492e-01	1.473064e-02	-1.680616e-01	-1.348535e-05	-1.200853e-04	-2.336484e-05	0.000000e+00	0.000000e+00	0.000000e+00	9.982000e+02	4.618960e+04	2.843387e+00	-1.540857e+00	6.278245e+00	-1.118960e-03	-6.198362e-04	-5.489563e-03	-1.075448e-03	
0	13	4	5	-1.762875e-01	1.482362e-02	-1.595706e-01	-1.321754e-05	-1.191413e-04	-2.288328e-05	0.000000e+00	0.000000e+00	0.000000e+00	9.982000e+02	4.523331e+04	2.958430e+00	-1.545967e+00	6.340233e+00	-1.220824e-04	-5.946496e-04	-5.356675e-03	-1.029656e-03	
0	13	4	6	-1.917594e-01	1.489978e-02	-1.510352e-01	-1.298538e-05	-1.184318e-04	-2.249524e-05	0.000000e+00	0.000000e+00	0.000000e+00	9.982000e+02	4.482454e+04	3.118120e+00	-1.546631e+00	6.342687e+00	5.527337e-05	-5.777488e-04	-5.270970e-03	-1.000820e-03	
0	13	4	7	-2.069898e-01	1.496337e-02	-1.425782e-01	-1.247305e-05	-1.148604e-04	-2.159981e-05	0.000000e+00	0.000000e+00	0.000000e+00	9.982000e+02	4.324098e+04	3.400408e+00	-1.560195e+00	6.332980e+00	1.965660e-05	-5.340662e-04	-4.918667e-03	-9.248383e-04	
0	13	4	8	-2.170733e-01	1.500056e-02	-1.369549e-01	-4.243691e-06	-3.935018e-05	-7.356755e-06	0.000000e+00	0.000000e+00	0.000000e+00	9.982000e+02	4.359189e+04	3.584471e+00	-1.563936e+00	6.297583e+00	-4.568703e-05	-1.827867e-04	-1.693302e-03	-3.168790e-04	
0	14	4	1	-1.226712e-01	1.577215e-02	-1.963111e-01	-3.583724e-06	-4.319875e-05	-6.227551e-06	0.000000e+00	0.000000e+00	0.000000e+00	9.982000e+02	4.565254e+04	3.259584e+00	-1.131825e+00	5.975380e+00	-2.241920e-04	-1.621829e-04	-1.945931e-03	-2.819002e-04	
0	14	4	2	-1.330188e-01	1.584019e-02	-1.908473e-01	-9.873989e-06	-1.245495e-04	-1.717352e-05	0.000000e+00	0.000000e+00	0.000000e+00	9.982000e+02	4.670080e+04	3.069697e+00	-1.085675e+00	6.108836e+00	-1.309299e-03	-4.563379e-04	-5.704212e-03	-7.947029e-04	
0	14	4	3	-1.485436e-01	1.592296e-02	-1.825409e-01	-9.375274e-06	-1.260468e-04	-1.631553e-05	0.000000e+00	0.000000e+00	0.000000e+00	9.982000e+02	4.565236e+04	2.977577e+00	-1.041631e+00	6.336212e+00	1.882237e-04	-4.190986e-04	-5.642438e-03	-7.291326e-04	
0	14	4	4	-1.641653e-01	1.598607e-02	-1.740541e-01	-8.760765e-06	-1.246137e-04	-1.520945e-05	0.000000e+00	0.000000e+00	0.000000e+00	9.982000e+02	4.531858e+04	2.991123e+00	-9.953741e-01	6.432363e+00	-3.892409e-04	-3.877418e-04	-5.498479e-03	-6.736500e-04	
0	14	4	5	-1.797039e-01	1.603607e-02	-1.655132e-01	-8.238458e-06	-1.234496e-04	-1.426950e-05	0.000000e+00	0.000000e+00	0.000000e+00	9.982000e+02	4.509123e+04	3.072840e+00	-9.528129e-01	6.468967e+00	-7.400082e-04	-3.635733e-04	-5.413454e-03	-6.305984e-04	
0	14	4	6	-1.951768e-01	1.607653e-02	-1.569384e-01	-7.790303e-06	-1.224806e-04	-1.349540e-05	0.000000e+00	0.000000e+00	0.000000e+00	9.982000e+02	4.538188e+04	3.196352e+00	-9.109389e-01	6.422323e+00	-2.777332e-04	-3.433751e-04	-5.384708e-03	-5.951095e-04	
0	14	4	7	-2.104035e-01	1.610942e-02	-1.484480e-01	-7.233757e-06	-1.185883e-04	-1.251648e-05	0.000000e+00	0.000000e+00	0.000000e+00	9.982000e+02	4.456660e+04	3.477111e+00	-8.880230e-01	6.404080e+00	4.904058e-04	-3.095396e-04	-5.102896e-03	-5.353724e-04	
0	14	4	8	-2.204798e-01	1.612811e-02	-1.428066e-01	-2.404117e-06	-4.055029e-05	-4.170924e-06	0.000000e+00	0.000000e+00	0.000000e+00	9.982000e+02	4.528926e+04	3.671693e+00	-8.706440e-01	6.348159e+00	1.286227e-04	-1.042147e-04	-1.766020e-03	-1.808058e-04	
0	15	4	1	-1.263066e-01	1.646149e-02	-2.027217e-01	-5.575548e-07	-4.521348e-05	-9.203151e-07	0.000000e+00	0.000000e+00	0.000000e+00	9.982000e+02	4.835332e+04	3.337607e+00	-1.640515e-01	6.037542e+00	2.778456e-07	-2.682549e-05	-2.175425e-03	-4.427873e-05	
0	15	4	2	-1.366438e-01	1.647288e-02	-1.971831e-01	-1.146039e-06	-1.297823e-04	-1.901899e-06	0.000000e+00	0.000000e+00	0.000000e+00	9.982000e+02	4.944916e+04	3.111996e+00	-1.180286e-01	6.178851e+00	4.506104e-08	-5.673189e-05	-6.424574e-03	-9.414882e-05	
0	15	4	3	-1.521498e-01	1.648381e-02	-1.887830e-01	-5.965255e-07	-1.307167e-04	-9.819795e-07	0.000000e+00	0.000000e+00	0.000000e+00	9.982000e+02	4.900127e+04	3.017161e+00	-6.181352e-02	6.395497e+00	-2.713006e-08	-2.917995e-05	-6.394194e-03	-4.803506e-05	
0	15	4	4	-1.677546e-01	1.648875e-02	-1.802199e-01	-1.578935e-07	-1.287823e-04	-2.469610e-07	0.000000e+00	0.000000e+00	0.000000e+00	9.982000e+02	4.873664e+04	3.021289e+00	-1.611229e-02	6.470400e+00	-7.280832e-09	-7.657294e-06	-6.245497e-03	-1.197677e-05	
0	15	4	5	-1.832813e-01	1.649084e-02	-1.716166e-01	1.719755e-07	-1.271821e-04	3.323804e-07	0.000000e+00	0.000000e+00	0.000000e+00	9.982000e+02	4.826187e+04	3.094188e+00	2.116792e-02	6.498748e+00	2.044949e-08	8.218847e-06	-6.078133e-03	1.588474e-05	
0	15	4	6	-1.987452e-01	1.649154e-02	-1.629898e-01	4.495362e-07	-1.258487e-04	8.010323e-07	0.000000e+00	0.000000e+00	0.000000e+00	9.982000e+02	4.739046e+04	3.172418e+00	5.157653e-02	6.322742e+00	3.546906e-08	2.127077e-05	-5.954771e-03	3.790258e-05	
0	15	4	7	-2.139639e-01	1.649113e-02	-1.544557e-01	6.567596e-07	-1.216163e-04	1.158858e-06	0.000000e+00	0.000000e+00	0.000000e+00	9.982000e+02	4.625203e+04	3.487184e+00	7.822897e-02	6.233442e+00	2.704891e-08	3.039474e-05	-5.628369e-03	5.363180e-05	
0	15	4	8	-2.240344e-01	1.649050e-02	-1.487880e-01	2.688985e-07	-4.154498e-05	4.675730e-07	0.000000e+00	0.000000e+00	0.000000e+00	9.982000e+02	4.680237e+04	3.644608e+00	9.262156e-02	6.133654e+00	6.943521e-08	1.252788e-05	-1.935530e-03	2.178404e-05	
0	16	4	1	-1.301324e-01	1.613975e-02	-2.093070e-01	2.467364e-06	-4.646036e-05	4.302459e-06	0.000000e+00	0.000000e+00	0.000000e+00	9.982000e+02	4.993016e+04	3.190644e+00	6.957101e-01	5.682904e+00	5.361065e-05	1.222098e-04	-2.297964e-03	2.131095e-04	
0	16	4	2	-1.404526e-01	1.611206e-02	-2.036692e-01	7.393420e-06	-1.328149e-04	1.286571e-05	0.000000e+00	0.000000e+00	0.000000e+00	9.982000e+02	5.146970e+04	2.900459e+00	7.235524e-01	5.802571e+00	-1.035701e-05	3.765286e-04	-6.764548e-03	6.552174e-04	
0	16	4	3	-1.559260e-01	1.607495e-02	-1.951460e-01	7.846212e-06	-1.330753e-04	1.363983e-05	0.000000e+00	0.000000e+00	0.000000e+00	9.982000e+02	5.114335e+04	2.761520e+00	7.745286e-01	5.968045e+00	1.799342e-05	3.967971e-04	-6.729000e-03	6.898053e-04	
0	16	4	4	-1.714957e-01	1.604306e-02	-1.864882e-01	8.057053e-06	-1.306667e-04	1.398611e-05	0.000000e+00	0.000000e+00	0.000000e+00	9.982000e+02	5.093952e+04	2.784572e+00	8.151221e-01	6.011238e+00	-1.022227e-05	4.050730e-04	-6.569812e-03	7.031388e-04	
0	16	4	5	-1.869923e-01	1.601622e-02	-1.778077e-01	8.216602e-06	-1.287113e-04	1.426259e-05	0.000000e+00	0.000000e+00	0.000000e+00	9.982000e+02	5.100862e+04	2.887890e+00	8.481602e-01	5.990438e+00	-2.826092e-04	4.128565e-04	-6.480446e-03	7.163702e-04	
0	16	4	6	-2.024336e-01	1.599299e-02	-1.691172e-01	8.350605e-06	-1.271114e-04	1.448958e-05	0.000000e+00	0.000000e+00	0.000000e+00	9.982000e+02	5.115028e+04	2.946653e+00	8.538089e-01	5.791919e+00	-1.059539e-04	4.204335e-04	-6.404719e-03	7.294445e-04	
0	16	4	7	-2.176337e-01	1.597299e-02	-1.605295e-01	8.243931e-06	-1.225856e-04	1.430016e-05	0.000000e+00	0.000000e+00	0.000000e+00	9.982000e+02	5.036392e+04	3.178285e+00	8.806918e-01	5.717321e+00	-1.794322e-04	4.075785e-04	-6.069392e-03	7.069607e-04	
0	16	4	8	-2.276925e-01	1.596150e-02	-1.548291e-01	2.850065e-06	-4.181137e-05	4.944521e-06	0.000000e+00	0.000000e+00	0.000000e+00	9.982000e+02	5.130921e+04	3.324641e+00	8.842176e-01	5.560681e+00	-7.460059e-05	1.434606e-04	-2.108370e-03	2.489024e-04	
0	17	4	1	-1.334457e-01	1.507902e-02	-2.149104e-01	3.919297e-06	-3.211151e-05	6.801883e-06	0.000000e+00	0.000000e+00	0.000000e+00	9.982000e+02	5.197562e+04	2.816449e+00	1.403693e+00	5.003939e+00	1.483932e-04	2.030268e-04	-1.659819e-03	3.523673e-04	
0	17	4	2	-1.437415e-01	1.503602e-02	-2.091763e-01	1.139993e-05	-9.158440e-05	1.977574e-05	0.000000e+00	0.000000e+00	0.000000e+00	9.982000e+02	5.386227e+04	2.457088e+00	1.401138e+00	5.072464e+00	1.324112e-04	6.099016e-04	-4.897044e-03	1.058119e-03	
0	17	4	3	-1.591805e-01	1.498044e-02	-2.005286e-01	1.166236e-05	-9.139125e-05	2.022065e-05	0.000000e+00	0.000000e+00	0.000000e+00	9.982000e+02	5.379712e+04	2.287391e+00	1.437176e+00	5.176338e+00	-4.504595e-06	6.222057e-04	-4.875989e-03	1.078799e-03	
0	17	4	4	-1.747126e-01	1.493459e-02	-1.917748e-01	1.163360e-05	-8.934658e-05	2.016643e-05	0.000000e+00	0.000000e+00	0.000000e+00	9.982000e+02	5.355458e+04	2.298268e+00	1.473313e+00	5.201630e+00	-7.092120e-05	6.175676e-04	-4.744326e-03	1.070444e-03	
0	17	4	5	-1.901736e-01	1.489689e-02	-1.830212e-01	1.161768e-05	-8.787107e-05	2.013738e-05	0.000000e+00	0.000000e+00	0.000000e+00	9.982000e+02	5.363216e+04	2.376860e+00	1.491076e+00	5.135170e+00	-2.117586e-04	6.175869e-04	-4.675291e-03	1.070266e-03	
0	17	4	6	-2.055869e-01	1.486420e-02	-1.742708e-01	1.160796e-05	-8.664966e-05	2.012110e-05	0.000000e+00	0.000000e+00	0.000000e+00	9.982000e+02	5.400058e+04	2.497400e+00	1.491038e+00	4.980253e+00	-5.265470e-05	6.198974e-04	-4.628456e-03	1.074503e-03	
0	17	4	7	-2.207638e-01	1.483657e-02	-1.656315e-01	1.131127e-05	-8.344863e-05	1.959729e-05	0.000000e+00	0.000000e+00	0.000000e+00	9.982000e+02	5.327362e+04	2.724391e+00	1.515961e+00	4.882743e+00	-7.049660e-18	5.949633e-04	-4.389326e-03	1.030801e-03	
0	17	4	8	-2.308087e-01	1.482114e-02	-1.598995e-01	3.879413e-06	-2.844822e-05	6.722052e-06	0.000000e+00	0.000000e+00	0.000000e+00	9.982000e+02	5.438425e+04	2.851005e+00	1.500834e+00	4.706277e+00	1.157407e-18	2.083404e-04	-1.527787e-03	3.610018e-04	
0	18	4	1	-1.358386e-01	1.361408e-02	-2.188871e-01	4.936300e-06	-2.403917e-05	8.561143e-06	0.000000e+00	0.000000e+00	0.000000e+00	9.982000e+02	5.489879e+04	2.216331e+00	1.886176e+00	4.018345e+00	2.601334e-04	2.698898e-04	-1.311072e-03	4.681217e-04	
0	18	4	2	-1.461116e-01	1.357341e-02	-2.130758e-01	1.421545e-05	-6.833537e-05	2.464754e-05	0.000000e+00	0.000000e+00	0.000000e+00	9.982000e+02	5.771674e+04	1.818431e+00	1.836992e+00	4.044287e+00	3.553722e-04	8.150935e-04	-3.914560e-03	1.413571e-03	
0	18	4	3	-1.615180e-01	1.352201e-02	-2.043294e-01	1.439027e-05	-6.803113e-05	2.493843e-05	0.000000e+00	0.000000e+00	0.000000e+00	9.982000e+02	5.885921e+04	1.606872e+00	1.830946e+00	4.067538e+00	2.042373e-04	8.413238e-04	-3.975552e-03	1.458282e-03	
0	18	4	4	-1.770203e-01	1.348022e-02	-1.954969e-01	1.422701e-05	-6.638097e-05	2.465243e-05	0.000000e+00	0.000000e+00	0.000000e+00	9.982000e+02	5.919607e+04	1.618648e+00	1.849642e+00	4.046356e+00	9.389831e-05	8.362992e-04	-3.901196e-03	1.449248e-03	
0	18	4	5	-1.924516e-01	1.344612e-02	-1.866848e-01	1.410416e-05	-6.511084e-05	2.445034e-05	0.000000e+00	0.000000e+00	0.000000e+00	9.982000e+02	5.989741e+04	1.699083e+00	1.846764e+00	3.937787e+00	-1.581703e-04	8.383781e-04	-3.871838e-03	1.453218e-03	
0	18	4	6	-2.078385e-01	1.341545e-02	-1.778877e-01	1.402604e-05	-6.408931e-05	2.430148e-05	0.000000e+00	0.000000e+00	0.000000e+00	9.982000e+02	6.001987e+04	1.838120e+00	1.853685e+00	3.827745e+00	-3.361752e-04	8.350699e-04	-3.819098e-03	1.446618e-03	
0	18	4	7	-2.229937e-01	1.338987e-02	-1.692080e-01	1.359776e-05	-6.163527e-05	2.356038e-05	0.000000e+00	0.000000e+00	0.000000e+00	9.982000e+02	5.919751e+04	2.053653e+00	1.883777e+00	3.742810e+00	-4.348215e-04	7.974717e-04	-3.619550e-03	1.381664e-03	
0	18	4	8	-2.330259e-01	1.337657e-02	-1.634518e-01	4.652633e-06	-2.098841e-05	8.056739e-06	0.000000e+00	0.000000e+00	0.000000e+00	9.982000e+02	6.047665e+04	2.166010e+00	1.847246e+00	3.561382e+00	-1.699463e-04	2.792253e-04	-1.261561e-03	4.835523e-04	
0	19	4	1	-1.374580e-01	1.201645e-02	-2.215263e-01	4.745042e-06	-1.349993e-05	8.229923e-06	0.000000e+00	0.000000e+00	0.000000e+00	9.982000e+02	7.027397e+04	1.246870e+00	1.949317e+00	2.478661e+00	-3.403090e-04	3.329649e-04	-9.490935e-04	5.773957e-04	
0	19	4	2	-1.477146e-01	1.198762e-02	-2.156563e-01	1.359675e-05	-3.822010e-05	2.356490e-05	0.000000e+00	0.000000e+00	0.000000e+00	9.982000e+02	7.083837e+04	7.808564e-01	1.798775e+00	2.466900e+00	-1.281373e-03	9.645718e-04	-2.716154e-03	1.670304e-03	
0	19	4	3	-1.630934e-01	1.195165e-02	-2.068389e-01	1.369104e-05	-3.788836e-05	2.371807e-05	0.000000e+00	0.000000e+00	0.000000e+00	9.982000e+02	7.003757e+04	5.937312e-01	1.744911e+00	2.444676e+00	-1.580183e-03	9.610786e-04	-2.664518e-03	1.662711e-03	
0	19	4	4	-1.785722e-01	1.192199e-02	-1.979511e-01	1.349970e-05	-3.688730e-05	2.338700e-05	0.000000e+00	0.000000e+00	0.000000e+00	9.982000e+02	6.918365e+04	6.209044e-01	1.745638e+00	2.394913e+00	-1.607769e-03	9.370450e-04	-2.565377e-03	1.621195e-03	
0	19	4	5	-1.939815e-01	1.189821e-02	-1.890953e-01	1.334105e-05	-3.609752e-05	2.312044e-05	0.000000e+00	0.000000e+00	0.000000e+00	9.982000e+02	6.840210e+04	7.351993e-01	1.730521e+00	2.277603e+00	-1.445059e-03	9.173390e-04	-2.486869e-03	1.588245e-03	
0	19	4	6	-2.093458e-01	1.187653e-02	-1.802635e-01	1.320629e-05	-3.543540e-05	2.288733e-05	0.000000e+00	0.000000e+00	0.000000e+00	9.982000e+02	6.806615e+04	9.073199e-01	1.765574e+00	2.210021e+00	-9.693869e-04	9.018322e-04	-2.423490e-03	1.562202e-03	
0	19	4	7	-2.244833e-01	1.185791e-02	-1.715550e-01	1.278418e-05	-3.403422e-05	2.214174e-05	0.000000e+00	0.000000e+00	0.000000e+00	9.982000e+02	6.714277e+04	1.111822e+00	1.806533e+00	2.134892e+00	-1.304233e-03	8.641029e-04	-2.306078e-03	1.496210e-03	
0	19	4	8	-2.345050e-01	1.184929e-02	-1.657817e-01	4.370712e-06	-1.158620e-05	7.568639e-06	0.000000e+00	0.000000e+00	0.000000e+00	9.982000e+02	6.782486e+04	1.195274e+00	1.746359e+00	1.983113e+00	-5.283085e-04	2.993002e-04	-7.957563e-04	5.182948e-04	
0	20	4	1	-1.382602e-01	1.058859e-02	-2.227688e-01	3.919008e-06	-4.446454e-06	6.804284e-06	0.000000e+00	0.000000e+00	0.000000e+00	9.982000e+02	7.526112e+04	1.474392e-01	1.054908e+00	6.044406e-01	1.082251e-18	3.090519e-04	-3.506462e-04	5.365840e-04	
0	20	4	2	-1.485067e-01	1.057571e-02	-2.168679e-01	1.118806e-05	-1.253937e-05	1.939093e-05	0.000000e+00	0.000000e+00	0.000000e+00	9.982000e+02	7.572115e+04	-1.836359e-01	8.134763e-01	6.319969e-01	2.886002e-18	8.865442e-04	-9.936219e-04	1.536541e-03	
0	20	4	3	-1.638658e-01	1.056124e-02	-2.080103e-01	1.118743e-05	-1.223100e-05	1.936806e-05	0.000000e+00	0.000000e+00	0.000000e+00	9.982000e+02	7.415823e+04	-3.209644e-01	7.795380e-01	6.776773e-01	4.810003e-19	8.695364e-04	-9.506474e-04	1.505371e-03	
0	20	4	4	-1.793263e-01	1.054817e-02	-1.990900e-01	1.095812e-05	-1.165951e-05	1.897929e-05	0.000000e+00	0.000000e+00	0.000000e+00	9.982000e+02	7.256143e+04	-2.905869e-01	8.136618e-01	6.676324e-01	3.607502e-18	8.348461e-04	-8.882818e-04	1.445940e-03	
0	20	4	5	-1.947216e-01	1.053861e-02	-1.902123e-01	1.076071e-05	-1.135076e-05	1.865967e-05	0.000000e+00	0.000000e+00	0.000000e+00	9.982000e+02	7.129279e+04	-1.868154e-01	8.277935e-01	6.112838e-01	-2.164501e-18	8.062793e-04	-8.504911e-04	1.398133e-03	
0	20	4	6	-2.100739e-01	1.052845e-02	-1.813654e-01	1.064049e-05	-1.123384e-05	1.845212e-05	0.000000e+00	0.000000e+00	0.000000e+00	9.982000e+02	7.023173e+04	-4.477059e-02	9.445452e-01	6.008661e-01	2.405001e-18	7.869684e-04	-8.308528e-04	1.364715e-03	
0	20	4	7	-2.252005e-01	1.051838e-02	-1.726429e-01	1.028742e-05	-1.077184e-05	1.781604e-05	0.000000e+00	0.000000e+00	0.000000e+00	9.982000e+02	6.883007e+04	1.403773e-01	1.046810e+00	5.518596e-01	1.683501e-18	7.456195e-04	-7.807298e-04	1.291285e-03	
0	20	4	8	-2.352146e-01	1.051699e-02	-1.668592e-01	3.504203e-06	-3.630338e-06	6.059656e-06	0.000000e+00	0.000000e+00	0.000000e+00	9.982000e+02	6.929343e+04	2.400288e-01	9.690363e-01	4.417444e-01	3.607502e-19	2.553100e-04	-2.644999e-04	4.414957e-04	
0	21	4	1	-1.380218e-01	8.828907e-03	-2.221184e-01	6.740145e-06	1.272791e-05	1.172647e-05	0.000000e+00	0.000000e+00	0.000000e+00	9.982000e+02	7.998672e+04	5.473770e-01	-1.596888e+00	1.418641e+00	-1.299717e-04	5.501477e-04	1.039188e-03	9.570808e-04	
0	21	4	2	-1.482603e-01	8.837609e-03	-2.162340e-01	1.928396e-05	3.611993e-05	3.348125e-05	0.000000e+00	0.000000e+00	0.000000e+00	9.982000e+02	8.031945e+04	3.549806e-01	-1.594167e+00	1.515349e+00	-3.903001e-04	1.578724e-03	2.957840e-03	2.740699e-03	
0	21	4	3	-1.636137e-01	8.851776e-03	-2.074008e-01	1.937111e-05	3.560669e-05	3.359212e-05	0.000000e+00	0.000000e+00	0.000000e+00	9.982000e+02	8.099614e+04	2.403589e-01	-1.551956e+00	1.506424e+00	-5.488369e-04	1.608884e-03	2.958339e-03	2.789501e-03	
0	21	4	4	-1.790697e-01	8.861892e-03	-1.984986e-01	1.903804e-05	3.444744e-05	3.301438e-05	0.000000e+00	0.000000e+00	0.000000e+00	9.982000e+02	8.142455e+04	2.069442e-01	-1.471389e+00	1.415921e+00	-6.894915e-04	1.601701e-03	2.899262e-03	2.776928e-03	
0	21	4	5	-1.944620e-01	8.871441e-03	-1.896354e-01	1.876639e-05	3.366809e-05	3.256529e-05	0.000000e+00	0.000000e+00	0.000000e+00	9.982000e+02	8.129015e+04	2.180990e-01	-1.403183e+00	1.325017e+00	-8.131945e-04	1.585825e-03	2.846334e-03	2.751197e-03	
0	21	4	6	-2.098108e-01	8.877035e-03	-1.807972e-01	1.854399e-05	3.329930e-05	3.218708e-05	0.000000e+00	0.000000e+00	0.000000e+00	9.982000e+02	7.973050e+04	2.438769e-01	-1.343251e+00	1.249162e+00	1.114569e-03	1.554753e-03	2.790282e-03	2.699255e-03	
0	21	4	7	-2.249339e-01	8.880084e-03	-1.720808e-01	1.791462e-05	3.211970e-05	3.104697e-05	0.000000e+00	0.000000e+00	0.000000e+00	9.982000e+02	7.827623e+04	3.832143e-01	-1.277670e+00	1.100695e+00	1.339902e-03	1.486136e-03	2.662425e-03	2.575723e-03	
0	21	4	8	-2.349495e-01	8.887430e-03	-1.663068e-01	6.128979e-06	1.084484e-05	1.060395e-05	0.000000e+00	0.000000e+00	0.000000e+00	9.982000e+02	7.884143e+04	5.149558e-01	-1.273961e+00	1.005262e+00	1.338814e-04	5.119612e-04	9.056258e-04	8.856686e-04	
0	22	4	1	-1.368131e-01	7.097813e-03	-2.197431e-01	3.730451e-06	1.951610e-05	6.466243e-06	0.000000e+00	0.000000e+00	0.000000e+00	9.982000e+02	5.528158e+04	1.527920e+00	-1.315127e+00	3.087776e+00	2.794965e-04	2.060323e-04	1.075278e-03	3.572527e-04	
0	22	4	2	-1.470470e-01	7.123429e-03	-2.139155e-01	1.073186e-05	5.551567e-05	1.860149e-05	0.000000e+00	0.000000e+00	0.000000e+00	9.982000e+02	5.761338e+04	1.426995e+00	-1.335657e+00	3.162951e+00	6.304135e-04	6.154016e-04	3.177992e-03	1.067108e-03	
0	22	4	3	-1.624068e-01	7.158914e-03	-2.051588e-01	1.085922e-05	5.533022e-05	1.882089e-05	0.000000e+00	0.000000e+00	0.000000e+00	9.982000e+02	5.885710e+04	1.305419e+00	-1.312453e+00	3.105191e+00	4.742789e-04	6.369650e-04	3.241722e-03	1.104370e-03	
0	22	4	4	-1.778714e-01	7.187325e-03	-1.963192e-01	1.072334e-05	5.397661e-05	1.858558e-05	0.000000e+00	0.000000e+00	0.000000e+00	9.982000e+02	5.993612e+04	1.205519e+00	-1.258544e+00	2.959539e+00	3.032769e-04	6.439663e-04	3.239223e-03	1.116380e-03	
0	22	4	5	-1.932710e-01	7.211305e-03	-1.875019e-01	1.063210e-05	5.293399e-05	1.842162e-05	0.000000e+00	0.000000e+00	0.000000e+00	9.982000e+02	6.074581e+04	1.144673e+00	-1.213950e+00	2.827598e+00	2.255828e-04	6.472784e-04	3.221043e-03	1.121693e-03	
0	22	4	6	-2.086249e-01	7.229764e-03	-1.786921e-01	1.056687e-05	5.217136e-05	1.830350e-05	0.000000e+00	0.000000e+00	0.000000e+00	9.982000e+02	6.177962e+04	1.153032e+00	-1.196741e+00	2.745467e+00	6.698751e-04	6.515379e-04	3.212218e-03	1.129069e-03	
0	22	4	7	-2.237529e-01	7.244316e-03	-1.700017e-01	1.023121e-05	5.018948e-05	1.773010e-05	0.000000e+00	0.000000e+00	0.000000e+00	9.982000e+02	6.256907e+04	1.273323e+00	-1.193526e+00	2.643798e+00	1.331849e-03	6.412171e-04	3.135707e-03	1.111776e-03	
0	22	4	8	-2.337767e-01	7.256568e-03	-1.642520e-01	3.503861e-06	1.708916e-05	6.071633e-06	0.000000e+00	0.000000e+00	0.000000e+00	9.982000e+02	6.335946e+04	1.396392e+00	-1.188559e+00	2.539467e+00	6.606274e-04	2.242439e-04	1.088474e-03	3.886583e-04	
0	23	4	1	-1.352110e-01	6.023826e-03	-2.167758e-01	2.752891e-06	2.118692e-05	4.770057e-06	0.000000e+00	0.000000e+00	0.000000e+00	9.982000e+02	5.666781e+04	1.849456e+00	-1.027033e+00	3.494366e+00	4.354406e-04	1.574854e-04	1.205412e-03	2.730084e-04	
0	23	4	2	-1.454479e-01	6.056205e-03	-2.110107e-01	7.929243e-06	6.044998e-05	1.373946e-05	0.000000e+00	0.000000e+00	0.000000e+00	9.982000e+02	5.856720e+04	1.792660e+00	-1.052661e+00	3.596860e+00	9.941088e-04	4.677567e-04	3.551407e-03	8.109979e-04	
0	23	4	3	-1.608174e-01	6.100019e-03	-2.023322e-01	8.029367e-06	6.038402e-05	1.391244e-05	0.000000e+00	0.000000e+00	0.000000e+00	9.982000e+02	5.941495e+04	1.659865e+00	-1.046815e+00	3.585511e+00	9.459513e-04	4.802457e-04	3.598854e-03	8.327918e-04	
0	23	4	4	-1.762923e-01	6.136350e-03	-1.935568e-01	7.937981e-06	5.904111e-05	1.375051e-05	0.000000e+00	0.000000e+00	0.000000e+00	9.982000e+02	6.021630e+04	1.562386e+00	-1.023214e+00	3.491472e+00	9.490875e-04	4.811463e-04	3.566694e-03	8.342087e-04	
0	23	4	5	-1.917032e-01	6.166279e-03	-1.847887e-01	7.877615e-06	5.809138e-05	1.364717e-05	0.000000e+00	0.000000e+00	0.000000e+00	9.982000e+02	6.076079e+04	1.529737e+00	-1.005023e+00	3.395025e+00	9.539932e-04	4.815550e-04	3.539412e-03	8.349573e-04	
0	23	4	6	-2.070692e-01	6.189224e-03	-1.760164e-01	7.828364e-06	5.726450e-05	1.356238e-05	0.000000e+00	0.000000e+00	0.000000e+00	9.982000e+02	6.141833e+04	1.545017e+00	-9.971396e-01	3.318425e+00	1.155537e-03	4.853765e-04	3.536385e-03	8.416417e-04	
0	23	4	7	-2.222070e-01	6.208271e-03	-1.673589e-01	7.588813e-06	5.515921e-05	1.314747e-05	0.000000e+00	0.000000e+00	0.000000e+00	9.982000e+02	6.167091e+04	1.651858e+00	-1.000240e+00	3.242970e+00	1.271525e-03	4.741843e-04	3.430167e-03	8.220006e-04	
0	23	4	8	-2.322359e-01	6.222185e-03	-1.616281e-01	2.599226e-06	1.882179e-05	4.501975e-06	0.000000e+00	0.000000e+00	0.000000e+00	9.982000e+02	6.259886e+04	1.774965e+00	-9.974561e-01	3.145370e+00	4.683452e-04	1.651510e-04	1.189456e-03	2.860822e-04	
0	24	4	1	-1.334890e-01	5.187310e-03	-2.136511e-01	2.282751e-06	2.175916e-05	3.953610e-06	0.000000e+00	0.000000e+00	0.000000e+00	9.982000e+02	5.778374e+04	1.975828e+00	-8.704023e-01	3.649551e+00	4.876757e-04	1.339953e-04	1.267651e-03	2.321843e-04	
0	24	4	2	-1.437334e-01	5.225185e-03	-2.079441e-01	6.576846e-06	6.220815e-05	1.139258e-05	0.000000e+00	0.000000e+00	0.000000e+00	9.982000e+02	5.917887e+04	1.966488e+00	-8.986441e-01	3.771726e+00	1.569199e-03	3.970504e-04	3.725071e-03	6.883556e-04	
0	24	4	3	-1.591126e-01	5.275940e-03	-1.993425e-01	6.649265e-06	6.223803e-05	1.152027e-05	0.000000e+00	0.000000e+00	0.000000e+00	9.982000e+02	6.011587e+04	1.842827e+00	-8.934799e-01	3.763364e+00	4.602506e-04	4.017550e-04	3.752144e-03	6.963292e-04	
0	24	4	4	-1.745988e-01	5.317977e-03	-1.906283e-01	6.583263e-06	6.100655e-05	1.140080e-05	0.000000e+00	0.000000e+00	0.000000e+00	9.982000e+02	6.083813e+04	1.733387e+00	-8.793542e-01	3.704567e+00	4.921610e-04	4.027170e-04	3.723624e-03	6.977659e-04	
0	24	4	5	-1.900232e-01	5.351976e-03	-1.819044e-01	6.538938e-06	6.011160e-05	1.132777e-05	0.000000e+00	0.000000e+00	0.000000e+00	9.982000e+02	6.137254e+04	1.704077e+00	-8.677100e-01	3.620888e+00	8.148506e-04	4.051356e-04	3.710933e-03	7.023853e-04	
0	24	4	6	-2.054014e-01	5.378631e-03	-1.731701e-01	6.491997e-06	5.932771e-05	1.125065e-05	0.000000e+00	0.000000e+00	0.000000e+00	9.982000e+02	6.188235e+04	1.730234e+00	-8.635225e-01	3.555185e+00	9.270873e-04	4.063336e-04	3.697921e-03	7.046944e-04	
0	24	4	7	-2.205487e-01	5.401045e-03	-1.645443e-01	6.292622e-06	5.719288e-05	1.089713e-05	0.000000e+00	0.000000e+00	0.000000e+00	9.982000e+02	6.196972e+04	1.845314e+00	-8.683841e-01	3.492068e+00	5.303608e-04	3.925672e-04	3.558666e-03	6.799785e-04	
0	24	4	8	-2.305825e-01	5.416438e-03	-1.588319e-01	2.152886e-06	1.949881e-05	3.730679e-06	0.000000e+00	0.000000e+00	0.000000e+00	9.982000e+02	6.284337e+04	1.960617e+00	-8.680853e-01	3.405719e+00	1.873315e-04	1.361678e-04	1.229797e-03	2.359631e-04	
0	25	4	1	-1.315271e-01	4.401387e-03	-2.101324e-01	2.437211e-06	2.662290e-05	4.221954e-06	0.000000e+00	0.000000e+00	0.000000e+00	9.982000e+02	5.772400e+04	2.024403e+00	-7.675320e-01	3.671294e+00	5.340089e-04	1.422087e-04	1.541202e-03	2.464346e-04	
0	25	4	2	-1.417802e-01	4.444741e-03	-2.044856e-01	7.022182e-06	7.620726e-05	1.216424e-05	0.000000e+00	0.000000e+00	0.000000e+00	9.982000e+02	5.897054e+04	2.074269e+00	-8.061183e-01	3.852782e+00	1.546070e-03	4.206031e-04	4.528534e-03	7.289961e-04	
0	25	4	3	-1.571691e-01	4.502516e-03	-1.959621e-01	7.104183e-06	7.644787e-05	1.230525e-05	0.000000e+00	0.000000e+00	0.000000e+00	9.982000e+02	5.965965e+04	1.972711e+00	-8.045196e-01	3.859274e+00	6.351365e-04	4.259073e-04	4.569189e-03	7.380011e-04	
0	25	4	4	-1.726685e-01	4.549986e-03	-1.873087e-01	7.034667e-06	7.517684e-05	1.218724e-05	0.000000e+00	0.000000e+00	0.000000e+00	9.982000e+02	6.036160e+04	1.856169e+00	-7.943282e-01	3.828394e+00	6.534559e-04	4.266684e-04	4.546177e-03	7.395845e-04	
0	25	4	5	-1.881088e-01	4.588232e-03	-1.786306e-01	6.975648e-06	7.410766e-05	1.208216e-05	0.000000e+00	0.000000e+00	0.000000e+00	9.982000e+02	6.092383e+04	1.823020e+00	-7.842499e-01	3.757786e+00	7.295855e-04	4.271644e-04	4.523411e-03	7.403082e-04	
0	25	4	6	-2.034989e-01	4.618985e-03	-1.699353e-01	6.920223e-06	7.322964e-05	1.199145e-05	0.000000e+00	0.000000e+00	0.000000e+00	9.982000e+02	6.143988e+04	1.846015e+00	-7.807406e-01	3.702516e+00	7.306564e-04	4.273832e-04	4.507735e-03	7.409434e-04	
0	25	4	7	-2.186557e-01	4.644906e-03	-1.613426e-01	6.707280e-06	7.066033e-05	1.161233e-05	0.000000e+00	0.000000e+00	0.000000e+00	9.982000e+02	6.144227e+04	1.962580e+00	-7.861568e-01	3.650131e+00	6.620074e-04	4.139106e-04	4.346300e-03	7.167718e-04	
0	25	4	8	-2.286955e-01	4.662078e-03	-1.556508e-01	2.291741e-06	2.411309e-05	3.974909e-06	0.000000e+00	0.000000e+00	0.000000e+00	9.982000e+02	6.227407e+04	2.075578e+00	-7.864066e-01	3.573920e+00	2.082628e-04	1.431922e-04	1.501921e-03	2.483543e-04	
0	26	4	1	-1.291627e-01	3.559870e-03	-2.059261e-01	2.604620e-06	3.120193e-05	4.513132e-06	0.000000e+00	0.000000e+00	0.000000e+00	9.982000e+02	5.784580e+04	2.054074e+00	-7.024902e-01	3.671278e+00	6.432223e-04	1.524383e-04	1.809848e-03	2.642083e-04	
0	26	4	2	-1.394226e-01	3.609662e-03	-2.003483e-01	7.494504e-06	8.937539e-05	1.298669e-05	0.000000e+00	0.000000e+00	0.000000e+00	9.982000e+02	5.882082e+04	2.155368e+00	-7.486101e-01	3.908147e+00	1.787169e-03	4.483232e-04	5.299221e-03	7.771775e-04	
0	26	4	3	-1.548247e-01	3.675236e-03	-1.919086e-01	7.587892e-06	8.988407e-05	1.314490e-05	0.000000e+00	0.000000e+00	0.000000e+00	9.982000e+02	5.948545e+04	2.073701e+00	-7.486584e-01	3.922238e+00	8.177097e-04	4.542816e-04	5.360601e-03	7.872462e-04	
0	26	4	4	-1.703426e-01	3.729033e-03	-1.833169e-01	7.513133e-06	8.856703e-05	1.301213e-05	0.000000e+00	0.000000e+00	0.000000e+00	9.982000e+02	6.010669e+04	1.960997e+00	-7.410199e-01	3.911481e+00	7.603571e-04	4.541917e-04	5.336015e-03	7.870152e-04	
0	26	4	5	-1.857993e-01	3.772877e-03	-1.746904e-01	7.444494e-06	8.743171e-05	1.289388e-05	0.000000e+00	0.000000e+00	0.000000e+00	9.982000e+02	6.062843e+04	1.921984e+00	-7.325337e-01	3.857527e+00	8.538244e-04	4.540199e-04	5.312343e-03	7.868156e-04	
0	26	4	6	-2.012019e-01	3.807870e-03	-1.660379e-01	7.391297e-06	8.647991e-05	1.281212e-05	0.000000e+00	0.000000e+00	0.000000e+00	9.982000e+02	6.111743e+04	1.940285e+00	-7.307240e-01	3.812931e+00	8.325172e-04	4.543166e-04	5.296117e-03	7.878901e-04	
0	26	4	7	-2.163683e-01	3.837381e-03	-1.574812e-01	7.171215e-06	8.353658e-05	1.241297e-05	0.000000e+00	0.000000e+00	0.000000e+00	9.982000e+02	6.111236e+04	2.048878e+00	-7.356792e-01	3.767284e+00	7.789577e-04	4.403645e-04	5.110592e-03	7.624184e-04	
0	26	4	8	-2.264140e-01	3.856749e-03	-1.518109e-01	2.449484e-06	2.852913e-05	4.248732e-06	0.000000e+00	0.000000e+00	0.000000e+00	9.982000e+02	6.191433e+04	2.157779e+00	-7.363432e-01	3.700349e+00	2.437481e-04	1.521854e-04	1.766196e-03	2.639615e-04	
0	27	4	1	-1.263970e-01	2.653846e-03	-2.010636e-01	2.808111e-06	3.565307e-05	4.865659e-06	0.000000e+00	0.000000e+00	0.000000e+00	9.982000e+02	5.769054e+04	2.101328e+00	-6.674005e-01	3.677635e+00	7.529338e-04	1.641166e-04	2.063109e-03	2.843952e-04	
0	27	4	2	-1.366656e-01	2.710571e-03	-1.955522e-01	8.097966e-06	1.025577e-04	1.403148e-05	0.000000e+00	0.000000e+00	0.000000e+00	9.982000e+02	5.845899e+04	2.235209e+00	-7.191059e-01	3.966028e+00	2.065060e-03	4.824558e-04	6.050215e-03	8.361517e-04	
0	27	4	3	-1.520883e-01	2.784722e-03	-1.871942e-01	8.208214e-06	1.035682e-04	1.422878e-05	0.000000e+00	0.000000e+00	0.000000e+00	9.982000e+02	5.905271e+04	2.172095e+00	-7.213124e-01	3.997252e+00	1.222777e-03	4.898315e-04	6.146128e-03	8.493977e-04	
0	27	4	4	-1.676273e-01	2.845176e-03	-1.786659e-01	8.138435e-06	1.021656e-04	1.409677e-05	0.000000e+00	0.000000e+00	0.000000e+00	9.982000e+02	5.962251e+04	2.070540e+00	-7.169168e-01	4.000440e+00	1.024174e-03	4.893652e-04	6.115888e-03	8.480655e-04	
0	27	4	5	-1.830994e-01	2.894721e-03	-1.700921e-01	8.075022e-06	1.010388e-04	1.398760e-05	0.000000e+00	0.000000e+00	0.000000e+00	9.982000e+02	6.010108e+04	2.025794e+00	-7.103835e-01	3.961933e+00	1.126698e-03	4.894412e-04	6.094792e-03	8.483242e-04	
0	27	4	6	-1.985133e-01	2.934458e-03	-1.614836e-01	8.007377e-06	1.001003e-04	1.387977e-05	0.000000e+00	0.000000e+00	0.000000e+00	9.982000e+02	6.056227e+04	2.039050e+00	-7.077668e-01	3.928033e+00	9.763801e-04	4.884332e-04	6.080340e-03	8.470221e-04	
0	27	4	7	-2.136894e-01	2.967826e-03	-1.529647e-01	7.763598e-06	9.677625e-05	1.344449e-05	0.000000e+00	0.000000e+00	0.000000e+00	9.982000e+02	6.053238e+04	2.136254e+00	-7.119144e-01	3.890915e+00	8.566992e-04	4.726041e-04	5.867772e-03	8.185894e-04	
0	27	4	8	-2.237415e-01	2.989523e-03	-1.473175e-01	2.654954e-06	3.305846e-05	4.601790e-06	0.000000e+00	0.000000e+00	0.000000e+00	9.982000e+02	6.129487e+04	2.240636e+00	-7.134287e-01	3.832436e+00	2.684645e-04	1.634361e-04	2.027359e-03	2.832675e-04	
0	28	4	1	-1.232396e-01	1.677312e-03	-1.955685e-01	3.012530e-06	3.988691e-05	5.214431e-06	0.000000e+00	0.000000e+00	0.000000e+00	9.982000e+02	5.754296e+04	2.151694e+00	-6.469417e-01	3.705574e+00	5.170141e-04	1.747764e-04	2.299021e-03	3.025133e-04	
0	28	4	2	-1.335239e-01	1.740865e-03	-1.901138e-01	8.699548e-06	1.150285e-04	1.506269e-05	0.000000e+00	0.000000e+00	0.000000e+00	9.982000e+02	5.808746e+04	2.309570e+00	-7.010144e-01	4.019495e+00	2.108035e-03	5.146820e-04	6.739466e-03	8.911813e-04	
0	28	4	3	-1.489702e-01	1.823873e-03	-1.818302e-01	8.818442e-06	1.164361e-04	1.528287e-05	0.000000e+00	0.000000e+00	0.000000e+00	9.982000e+02	5.854427e+04	2.256293e+00	-7.062547e-01	4.078851e+00	1.735337e-03	5.239545e-04	6.865229e-03	9.083368e-04	
0	28	4	4	-1.645270e-01	1.891193e-03	-1.733640e-01	8.739948e-06	1.151677e-04	1.513922e-05	0.000000e+00	0.000000e+00	0.000000e+00	9.982000e+02	5.902365e+04	2.172395e+00	-7.027002e-01	4.091477e+00	1.488355e-03	5.222037e-04	6.837524e-03	9.050440e-04	
0	28	4	5	-1.800116e-01	1.945969e-03	-1.648413e-01	8.677585e-06	1.140945e-04	1.503246e-05	0.000000e+00	0.000000e+00	0.000000e+00	9.982000e+02	5.946794e+04	2.132116e+00	-6.975163e-01	4.063282e+00	1.586067e-03	5.223993e-04	6.823049e-03	9.055570e-04	
0	28	4	6	-1.954355e-01	1.990783e-03	-1.562764e-01	8.624132e-06	1.131461e-04	1.493597e-05	0.000000e+00	0.000000e+00	0.000000e+00	9.982000e+02	5.991700e+04	2.139960e+00	-6.965965e-01	4.041379e+00	1.350696e-03	5.221047e-04	6.811013e-03	9.046767e-04	
0	28	4	7	-2.106203e-01	2.028338e-03	-1.477936e-01	8.359114e-06	1.095871e-04	1.447909e-05	0.000000e+00	0.000000e+00	0.000000e+00	9.982000e+02	5.986950e+04	2.227665e+00	-7.009907e-01	4.019469e+00	1.055153e-03	5.042068e-04	6.578541e-03	8.735228e-04	
0	28	4	8	-2.206783e-01	2.052223e-03	-1.421685e-01	2.860971e-06	3.748661e-05	4.958523e-06	0.000000e+00	0.000000e+00	0.000000e+00	9.982000e+02	6.063117e+04	2.329437e+00	-7.035063e-01	3.974493e+00	2.849694e-04	1.743733e-04	2.275868e-03	3.021990e-04	
0	29	4	1	-1.197421e-01	6.248944e-04	-1.895029e-01	3.253493e-06	4.343951e-05	5.630167e-06	0.000000e+00	0.000000e+00	0.000000e+00	9.982000e+02	5.722874e+04	2.205070e+00	-6.527677e-01	3.762184e+00	7.074192e-05	1.866853e-04	2.490425e-03	3.230550e-04	
0	29	4	2	-1.300413e-01	6.957198e-04	-1.840979e-01	9.394564e-06	1.255387e-04	1.625659e-05	0.000000e+00	0.000000e+00	0.000000e+00	9.982000e+02	5.770217e+04	2.374328e+00	-7.038146e-01	4.062980e+00	2.239398e-03	5.520542e-04	7.304425e-03	9.551861e-04	
0	29	4	3	-1.455048e-01	7.881001e-04	-1.758796e-01	9.523569e-06	1.274979e-04	1.649530e-05	0.000000e+00	0.000000e+00	0.000000e+00	9.982000e+02	5.803062e+04	2.326282e+00	-7.106670e-01	4.149909e+00	2.255176e-03	5.628737e-04	7.463716e-03	9.751985e-04	
0	29	4	4	-1.610737e-01	8.627155e-04	-1.674684e-01	9.438459e-06	1.263795e-04	1.635083e-05	0.000000e+00	0.000000e+00	0.000000e+00	9.982000e+02	5.846424e+04	2.264323e+00	-7.089949e-01	4.172919e+00	2.064694e-03	5.608878e-04	7.446157e-03	9.721790e-04	
0	29	4	5	-1.765666e-01	9.231057e-04	-1.589911e-01	9.369372e-06	1.254763e-04	1.622770e-05	0.000000e+00	0.000000e+00	0.000000e+00	9.982000e+02	5.885912e+04	2.235375e+00	-7.038909e-01	4.152012e+00	2.076604e-03	5.602334e-04	7.439139e-03	9.709044e-04	
0	29	4	6	-1.919983e-01	9.726082e-04	-1.504648e-01	9.312159e-06	1.247306e-04	1.613134e-05	0.000000e+00	0.000000e+00	0.000000e+00	9.982000e+02	5.927155e+04	2.238736e+00	-7.029670e-01	4.143115e+00	1.749320e-03	5.592682e-04	7.437375e-03	9.692780e-04	
0	29	4	7	-2.071939e-01	1.014095e-03	-1.420133e-01	9.039208e-06	1.209438e-04	1.565791e-05	0.000000e+00	0.000000e+00	0.000000e+00	9.982000e+02	5.913620e+04	2.314302e+00	-7.095866e-01	4.144909e+00	1.602154e-03	5.410337e-04	7.188231e-03	9.374086e-04	
0	29	4	8	-2.172642e-01	1.040065e-03	-1.364025e-01	3.096713e-06	4.146018e-05	5.372074e-06	0.000000e+00	0.000000e+00	0.000000e+00	9.982000e+02	5.984470e+04	2.402364e+00	-7.136177e-01	4.122669e+00	4.206676e-04	1.870387e-04	2.490321e-03	3.244495e-04	
0	30	4	1	-1.159822e-01	-5.317285e-04	-1.829978e-01	3.624259e-06	4.588459e-05	6.276385e-06	0.000000e+00	0.000000e+00	0.000000e+00	9.982000e+02	5.678254e+04	2.265109e+00	-7.033171e-01	3.833747e+00	7.896669e-05	2.063449e-04	2.610086e-03	3.573350e-04	
0	30	4	2	-1.262883e-01	-4.520007e-04	-1.776299e-01	1.045424e-05	1.329731e-04	1.809736e-05	0.000000e+00	0.000000e+00	0.000000e+00	9.982000e+02	5.742908e+04	2.432414e+00	-7.509889e-01	4.112881e+00	2.552879e-03	6.123218e-04	7.707573e-03	1.059741e-03	
0	30	4	3	-1.417586e-01	-3.484761e-04	-1.694605e-01	1.058236e-05	1.355061e-04	1.833850e-05	0.000000e+00	0.000000e+00	0.000000e+00	9.982000e+02	5.760731e+04	2.387080e+00	-7.568425e-01	4.214948e+00	2.664492e-03	6.222500e-04	7.884428e-03	1.078525e-03	
0	30	4	4	-1.573326e-01	-2.647424e-04	-1.610925e-01	1.046885e-05	1.347132e-04	1.813740e-05	0.000000e+00	0.000000e+00	0.000000e+00	9.982000e+02	5.789598e+04	2.349530e+00	-7.547979e-01	4.250022e+00	2.688446e-03	6.185399e-04	7.876108e-03	1.072111e-03	
0	30	4	5	-1.728294e-01	-1.967241e-04	-1.526505e-01	1.037789e-05	1.340337e-04	1.796561e-05	0.000000e+00	0.000000e+00	0.000000e+00	9.982000e+02	5.823811e+04	2.324788e+00	-7.478748e-01	4.236651e+00	2.583555e-03	6.160138e-04	7.876553e-03	1.066957e-03	
0	30	4	6	-1.882683e-01	-1.412792e-04	-1.441499e-01	1.030142e-05	1.335810e-04	1.784723e-05	0.000000e+00	0.000000e+00	0.000000e+00	9.982000e+02	5.860897e+04	2.321492e+00	-7.456370e-01	4.240897e+00	2.336889e-03	6.142889e-04	7.893581e-03	1.064770e-03	
0	30	4	7	-2.034903e-01	-9.491427e-05	-1.357117e-01	1.000164e-05	1.300819e-04	1.732941e-05	0.000000e+00	0.000000e+00	0.000000e+00	9.982000e+02	5.838212e+04	2.387183e+00	-7.515435e-01	4.263645e+00	2.188105e-03	5.934608e-04	7.649022e-03	1.028544e-03	
0	30	4	8	-2.135869e-01	-6.603966e-05	-1.301013e-01	3.427067e-06	4.465779e-05	5.937958e-06	0.000000e+00	0.000000e+00	0.000000e+00	9.982000e+02	5.900660e+04	2.447851e+00	-7.527000e-01	4.248088e+00	5.686637e-04	2.047967e-04	2.650116e-03	3.548478e-04	
0	31	4	1	-1.120590e-01	-1.821148e-03	-1.762340e-01	4.034758e-06	4.696579e-05	6.981196e-06	0.000000e+00	0.000000e+00	0.000000e+00	9.982000e+02	5.631162e+04	2.332784e+00	-7.840349e-01	3.926348e+00	3.460368e-05	2.276943e-04	2.649462e-03	3.939675e-04	
0	31	4	2	-1.223623e-01	-1.731897e-03	-1.708858e-01	1.164955e-05	1.364945e-04	2.017367e-05	0.000000e+00	0.000000e+00	0.000000e+00	9.982000e+02	5.695971e+04	2.491997e+00	-8.303463e-01	4.179065e+00	2.680877e-03	6.766406e-04	7.847543e-03	1.171380e-03	
0	31	4	3	-1.378287e-01	-1.616455e-03	-1.627436e-01	1.181635e-05	1.395972e-04	2.048762e-05	0.000000e+00	0.000000e+00	0.000000e+00	9.982000e+02	5.712426e+04	2.451784e+00	-8.372673e-01	4.290837e+00	2.927247e-03	6.895741e-04	8.059388e-03	1.195725e-03	
0	31	4	4	-1.534000e-01	-1.522642e-03	-1.544006e-01	1.172130e-05	1.391961e-04	2.030914e-05	0.000000e+00	0.000000e+00	0.000000e+00	9.982000e+02	5.730155e+04	2.432304e+00	-8.378179e-01	4.338502e+00	2.942074e-03	6.859350e-04	8.058443e-03	1.188865e-03	
0	31	4	5	-1.689009e-01	-1.446068e-03	-1.459759e-01	1.165273e-05	1.389767e-04	2.016969e-05	0.000000e+00	0.000000e+00	0.000000e+00	9.982000e+02	5.763410e+04	2.411203e+00	-8.307684e-01	4.331270e+00	2.705730e-03	6.843911e-04	8.082425e-03	1.185039e-03	
0	31	4	6	-1.843593e-01	-1.383805e-03	-1.374784e-01	1.159669e-05	1.389917e-04	2.008878e-05	0.000000e+00	0.000000e+00	0.000000e+00	9.982000e+02	5.794680e+04	2.403146e+00	-8.283571e-01	4.344029e+00	2.651017e-03	6.846826e-04	8.127757e-03	1.186546e-03	
0	31	4	7	-1.996108e-01	-1.331745e-03	-1.290352e-01	1.127259e-05	1.355990e-04	1.952860e-05	0.000000e+00	0.000000e+00	0.000000e+00	9.982000e+02	5.769608e+04	2.468350e+00	-8.365177e-01	4.383635e+00	2.405905e-03	6.614745e-04	7.883530e-03	1.146196e-03	
0	31	4	8	-2.097247e-01	-1.299310e-03	-1.234219e-01	3.861968e-06	4.654934e-05	6.687925e-06	0.000000e+00	0.000000e+00	0.000000e+00	9.982000e+02	5.850435e+04	2.513370e+00	-8.338938e-01	4.352719e+00	6.045935e-04	2.288942e-04	2.740106e-03	3.963854e-04	
0	32	4	1	-1.080868e-01	-3.232363e-03	-1.694209e-01	4.340603e-06	4.658274e-05	7.512412e-06	0.000000e+00	0.000000e+00	0.000000e+00	9.982000e+02	5.564213e+04	2.412573e+00	-8.754202e-01	4.034317e+00	4.097919e-04	2.429460e-04	2.596282e-03	4.204160e-04	
0	32	4	2	-1.183792e-01	-3.136227e-03	-1.640723e-01	1.258200e-05	1.357645e-04	2.177510e-05	0.000000e+00	0.000000e+00	0.000000e+00	9.982000e+02	5.645397e+04	2.539098e+00	-9.171387e-01	4.251091e+00	2.615572e-03	7.234616e-04	7.732401e-03	1.251687e-03	
0	32	4	3	-1.338312e-01	-3.012117e-03	-1.559317e-01	1.280447e-05	1.393668e-04	2.221914e-05	0.000000e+00	0.000000e+00	0.000000e+00	9.982000e+02	5.649652e+04	2.515594e+00	-9.298099e-01	4.382428e+00	2.997337e-03	7.388674e-04	7.957232e-03	1.282182e-03	
0	32	4	4	-1.493983e-01	-2.911406e-03	-1.475890e-01	1.276749e-05	1.395266e-04	2.213095e-05	0.000000e+00	0.000000e+00	0.000000e+00	9.982000e+02	5.657461e+04	2.517361e+00	-9.357226e-01	4.447069e+00	3.036731e-03	7.377823e-04	7.976401e-03	1.279114e-03	
0	32	4	5	-1.649100e-01	-2.828521e-03	-1.391552e-01	1.275157e-05	1.398163e-04	2.205980e-05	0.000000e+00	0.000000e+00	0.000000e+00	9.982000e+02	5.684118e+04	2.504474e+00	-9.295773e-01	4.444017e+00	2.734953e-03	7.384323e-04	8.019078e-03	1.277769e-03	
0	32	4	6	-1.803861e-01	-2.760942e-03	-1.306432e-01	1.271249e-05	1.401154e-04	2.201590e-05	0.000000e+00	0.000000e+00	0.000000e+00	9.982000e+02	5.713226e+04	2.492772e+00	-9.275923e-01	4.464073e+00	2.542725e-03	7.389736e-04	8.072728e-03	1.280153e-03	
0	32	4	7	-1.956461e-01	-2.704877e-03	-1.221919e-01	1.236377e-05	1.367544e-04	2.142613e-05	0.000000e+00	0.000000e+00	0.000000e+00	9.982000e+02	5.676156e+04	2.563932e+00	-9.399453e-01	4.519800e+00	2.444898e-03	7.136100e-04	7.821592e-03	1.236857e-03	
0	32	4	8	-2.057605e-01	-2.669901e-03	-1.165779e-01	4.243157e-06	4.698483e-05	7.348681e-06	0.000000e+00	0.000000e+00	0.000000e+00	9.982000e+02	5.765560e+04	2.599275e+00	-9.354684e-01	4.480218e+00	4.118084e-04	2.467120e-04	2.719626e-03	4.272691e-04	
0	33	4	1	-1.041861e-01	-4.716905e-03	-1.627716e-01	4.455542e-06	4.478648e-05	7.726756e-06	0.000000e+00	0.000000e+00	0.000000e+00	9.982000e+02	5.493019e+04	2.493712e+00	-9.631307e-01	4.144610e+00	7.484766e-04	2.470977e-04	2.464300e-03	4.283794e-04	
0	33	4	2	-1.144593e-01	-4.619276e-03	-1.574030e-01	1.300133e-05	1.308906e-04	2.248340e-05	0.000000e+00	0.000000e+00	0.000000e+00	9.982000e+02	5.599220e+04	2.582070e+00	-9.970883e-01	4.311589e+00	2.409469e-03	7.402772e-04	7.387720e-03	1.279801e-03	
0	33	4	3	-1.298925e-01	-4.492844e-03	-1.492341e-01	1.329790e-05	1.350014e-04	2.308941e-05	0.000000e+00	0.000000e+00	0.000000e+00	9.982000e+02	5.583690e+04	2.569068e+00	-1.019401e+00	4.480730e+00	2.918769e-03	7.579905e-04	7.616172e-03	1.316173e-03	
0	33	4	4	-1.454576e-01	-4.390267e-03	-1.408630e-01	1.332584e-05	1.357023e-04	2.309746e-05	0.000000e+00	0.000000e+00	0.000000e+00	9.982000e+02	5.572814e+04	2.592140e+00	-1.032324e+00	4.569608e+00	3.143431e-03	7.593392e-04	7.646545e-03	1.316392e-03	
0	33	4	5	-1.609725e-01	-4.305297e-03	-1.324021e-01	1.335295e-05	1.362610e-04	2.309324e-05	0.000000e+00	0.000000e+00	0.000000e+00	9.982000e+02	5.594785e+04	2.598152e+00	-1.029405e+00	4.571676e+00	2.671946e-03	7.609529e-04	7.691684e-03	1.316238e-03	
0	33	4	6	-1.764451e-01	-4.235975e-03	-1.238704e-01	1.334493e-05	1.366937e-04	2.310689e-05	0.000000e+00	0.000000e+00	0.000000e+00	9.982000e+02	5.619179e+04	2.591593e+00	-1.030200e+00	4.597642e+00	2.353414e-03	7.620895e-04	7.741357e-03	1.319826e-03	
0	33	4	7	-1.916997e-01	-4.178896e-03	-1.154034e-01	1.300733e-05	1.336921e-04	2.254836e-05	0.000000e+00	0.000000e+00	0.000000e+00	9.982000e+02	5.572317e+04	2.674255e+00	-1.047590e+00	4.668615e+00	2.226839e-03	7.358831e-04	7.500077e-03	1.275735e-03	
0	33	4	8	-2.018125e-01	-4.143100e-03	-1.097808e-01	4.468857e-06	4.598021e-05	7.740270e-06	0.000000e+00	0.000000e+00	0.000000e+00	9.982000e+02	5.661291e+04	2.698646e+00	-1.040844e+00	4.624954e+00	3.367214e-04	2.547149e-04	2.611074e-03	4.411615e-04	
0	34	4	1	-1.004652e-01	-6.208022e-03	-1.564805e-01	4.363719e-06	4.179520e-05	7.578529e-06	0.000000e+00	0.000000e+00	0.000000e+00	9.982000e+02	5.424849e+04	2.576226e+00	-1.038122e+00	4.241798e+00	6.857764e-04	2.389938e-04	2.271415e-03	4.149041e-04	
0	34	4	2	-1.107174e-01	-6.115379e-03	-1.510709e-01	1.280935e-05	1.225790e-04	2.215267e-05	0.000000e+00	0.000000e+00	0.000000e+00	9.982000e+02	5.567466e+04	2.622910e+00	-1.061708e+00	4.358181e+00	2.170512e-03	7.242562e-04	6.874002e-03	1.252152e-03	
0	34	4	3	-1.261307e-01	-5.994491e-03	-1.428444e-01	1.318841e-05	1.269990e-04	2.289046e-05	0.000000e+00	0.000000e+00	0.000000e+00	9.982000e+02	5.522877e+04	2.615292e+00	-1.095381e+00	4.570494e+00	2.654537e-03	7.425136e-04	7.080407e-03	1.288826e-03	
0	34	4	4	-1.416823e-01	-5.895987e-03	-1.344252e-01	1.326258e-05	1.279932e-04	2.298543e-05	0.000000e+00	0.000000e+00	0.000000e+00	9.982000e+02	5.492733e+04	2.655664e+00	-1.117025e+00	4.687783e+00	2.790358e-03	7.436161e-04	7.101872e-03	1.289003e-03	
0	34	4	5	-1.571829e-01	-5.814141e-03	-1.259282e-01	1.333360e-05	1.287889e-04	2.305962e-05	0.000000e+00	0.000000e+00	0.000000e+00	9.982000e+02	5.499351e+04	2.684011e+00	-1.121233e+00	4.710178e+00	2.457806e-03	7.465507e-04	7.144522e-03	1.291281e-03	
0	34	4	6	-1.726456e-01	-5.747522e-03	-1.173657e-01	1.336489e-05	1.294804e-04	2.314498e-05	0.000000e+00	0.000000e+00	0.000000e+00	9.982000e+02	5.517382e+04	2.686901e+00	-1.125366e+00	4.744122e+00	2.096168e-03	7.485605e-04	7.195269e-03	1.296529e-03	
0	34	4	7	-1.878908e-01	-5.692882e-03	-1.088720e-01	1.305440e-05	1.267598e-04	2.262653e-05	0.000000e+00	0.000000e+00	0.000000e+00	9.982000e+02	5.453763e+04	2.783878e+00	-1.149213e+00	4.832037e+00	1.886559e-03	7.214407e-04	6.952158e-03	1.250450e-03	
0	34	4	8	-1.979957e-01	-5.658401e-03	-1.032344e-01	4.491942e-06	4.364662e-05	7.781329e-06	0.000000e+00	0.000000e+00	0.000000e+00	9.982000e+02	5.548334e+04	2.805772e+00	-1.142165e+00	4.786877e+00	3.072614e-04	2.507850e-04	2.428067e-03	4.344088e-04	
0	35	4	1	-9.701483e-02	-7.641059e-03	-1.506967e-01	4.114361e-06	3.799268e-05	7.132810e-06	0.000000e+00	0.000000e+00	0.000000e+00	9.982000e+02	5.373835e+04	2.643667e+00	-1.097283e+00	4.319720e+00	4.837469e-04	2.227781e-04	2.044820e-03	3.860888e-04	
0	35	4	2	-1.072462e-01	-7.558652e-03	-1.452287e-01	1.209534e-05	1.117552e-04	2.094060e-05	0.000000e+00	0.000000e+00	0.000000e+00	9.982000e+02	5.541757e+04	2.652272e+00	-1.108501e+00	4.383859e+00	1.794370e-03	6.790264e-04	6.227921e-03	1.175220e-03	
0	35	4	3	-1.226298e-01	-7.450602e-03	-1.369274e-01	1.252280e-05	1.160783e-04	2.171566e-05	0.000000e+00	0.000000e+00	0.000000e+00	9.982000e+02	5.471828e+04	2.645669e+00	-1.153808e+00	4.641853e+00	2.259220e-03	6.971775e-04	6.404420e-03	1.209090e-03	
0	35	4	4	-1.381548e-01	-7.361815e-03	-1.284470e-01	1.263397e-05	1.173632e-04	2.189487e-05	0.000000e+00	0.000000e+00	0.000000e+00	9.982000e+02	5.422154e+04	2.689933e+00	-1.184629e+00	4.797808e+00	2.371103e-03	6.978517e-04	6.420690e-03	1.209712e-03	
0	35	4	5	-1.536396e-01	-7.288015e-03	-1.198985e-01	1.274776e-05	1.184411e-04	2.204608e-05	0.000000e+00	0.000000e+00	0.000000e+00	9.982000e+02	5.412513e+04	2.745072e+00	-1.199957e+00	4.859404e+00	2.199435e-03	7.022057e-04	6.465620e-03	1.214648e-03	
0	35	4	6	-1.690862e-01	-7.228061e-03	-1.112954e-01	1.279999e-05	1.192095e-04	2.216862e-05	0.000000e+00	0.000000e+00	0.000000e+00	9.982000e+02	5.415647e+04	2.771315e+00	-1.208721e+00	4.899638e+00	1.921509e-03	7.035890e-04	6.500842e-03	1.218756e-03	
0	35	4	7	-1.843138e-01	-7.179037e-03	-1.027713e-01	1.252856e-05	1.168627e-04	2.172074e-05	0.000000e+00	0.000000e+00	0.000000e+00	9.982000e+02	5.332394e+04	2.897620e+00	-1.239094e+00	4.995269e+00	1.464343e-03	6.753383e-04	6.257991e-03	1.170791e-03	
0	35	4	8	-1.944087e-01	-7.147904e-03	-9.711223e-02	4.323543e-06	4.029425e-05	7.476282e-06	0.000000e+00	0.000000e+00	0.000000e+00	9.982000e+02	5.422742e+04	2.923271e+00	-1.233703e+00	4.958651e+00	2.665066e-04	2.358233e-04	2.190225e-03	4.077605e-04	
0	36	4	1	-9.389906e-02	-8.966193e-03	-1.455143e-01	3.740269e-06	3.371018e-05	6.479220e-06	0.000000e+00	0.000000e+00	0.000000e+00	9.982000e+02	5.343699e+04	2.674885e+00	-1.134691e+00	4.359450e+00	1.920756e-05	2.002806e-04	1.804597e-03	3.469383e-04	
0	36	4	2	-1.041020e-01	-8.897777e-03	-1.399818e-01	1.101219e-05	9.931357e-05	1.908185e-05	0.000000e+00	0.000000e+00	0.000000e+00	9.982000e+02	5.531732e+04	2.652329e+00	-1.139005e+00	4.397410e+00	1.452395e-03	6.158325e-04	5.517488e-03	1.066821e-03	
0	36	4	3	-1.194504e-01	-8.807535e-03	-1.315962e-01	1.146024e-05	1.034898e-04	1.986778e-05	0.000000e+00	0.000000e+00	0.000000e+00	9.982000e+02	5.442994e+04	2.661186e+00	-1.195082e+00	4.690052e+00	1.819409e-03	6.331888e-04	5.672026e-03	1.097852e-03	
0	36	4	4	-1.349531e-01	-8.732494e-03	-1.230429e-01	1.160244e-05	1.048383e-04	2.010543e-05	0.000000e+00	0.000000e+00	0.000000e+00	9.982000e+02	5.371637e+04	2.710640e+00	-1.236222e+00	4.881935e+00	1.950794e-03	6.334458e-04	5.673574e-03	1.098035e-03	
0	36	4	5	-1.504128e-01	-8.670304e-03	-1.144373e-01	1.171853e-05	1.058456e-04	2.026736e-05	0.000000e+00	0.000000e+00	0.000000e+00	9.982000e+02	5.330181e+04	2.786835e+00	-1.262560e+00	4.982335e+00	2.362722e-03	6.380245e-04	5.700465e-03	1.103857e-03	
0	36	4	6	-1.658324e-01	-8.620042e-03	-1.057900e-01	1.180029e-05	1.067959e-04	2.043499e-05	0.000000e+00	0.000000e+00	0.000000e+00	9.982000e+02	5.319403e+04	2.838882e+00	-1.280421e+00	5.052318e+00	1.874031e-03	6.380416e-04	5.723964e-03	1.105176e-03	
0	36	4	7	-1.810476e-01	-8.578986e-03	-9.722332e-02	1.158153e-05	1.050339e-04	2.007802e-05	0.000000e+00	0.000000e+00	0.000000e+00	9.982000e+02	5.210782e+04	2.997695e+00	-1.316751e+00	5.159161e+00	1.210169e-03	6.094619e-04	5.492791e-03	1.056532e-03	
0	36	4	8	-1.911354e-01	-8.552550e-03	-9.153897e-02	3.993552e-06	3.615206e-05	6.905692e-06	0.000000e+00	0.000000e+00	0.000000e+00	9.982000e+02	5.290752e+04	3.031822e+00	-1.315169e+00	5.131753e+00	2.327387e-04	2.124549e-04	1.916581e-03	3.673534e-04	
0	37	4	1	-9.114634e-02	-1.015384e-02	-1.409872e-01	3.311060e-06	2.916256e-05	5.727415e-06	0.000000e+00	0.000000e+00	0.000000e+00	9.982000e+02	5.330112e+04	2.691194e+00	-1.159339e+00	4.347264e+00	6.921083e-05	1.769880e-04	1.557120e-03	3.061295e-04	
0	37	4	2	-1.013203e-01	-1.010107e-02	-1.353850e-01	9.754099e-06	8.619872e-05	1.691313e-05	0.000000e+00	0.000000e+00	0.000000e+00	9.982000e+02	5.523730e+04	2.650372e+00	-1.161614e+00	4.391714e+00	1.136333e-03	5.437164e-04	4.776971e-03	9.425454e-04	
0	37	4	3	-1.166409e-01	-1.003098e-02	-1.269048e-01	1.019513e-05	9.017771e-05	1.767034e-05	0.000000e+00	0.000000e+00	0.000000e+00	9.982000e+02	5.418898e+04	2.658144e+00	-1.225967e+00	4.722872e+00	1.460534e-03	5.598797e-04	4.916109e-03	9.705602e-04	
0	37	4	4	-1.321123e-01	-9.971975e-03	-1.182777e-01	1.032348e-05	9.146685e-05	1.788412e-05	0.000000e+00	0.000000e+00	0.000000e+00	9.982000e+02	5.327695e+04	2.707468e+00	-1.273605e+00	4.950882e+00	1.546042e-03	5.580137e-04	4.905004e-03	9.670923e-04	
0	37	4	5	-1.475353e-01	-9.923153e-03	-1.096176e-01	1.045251e-05	9.259354e-05	1.807853e-05	0.000000e+00	0.000000e+00	0.000000e+00	9.982000e+02	5.266055e+04	2.787350e+00	-1.306322e+00	5.079074e+00	1.837022e-03	5.603728e-04	4.916337e-03	9.696891e-04	
0	37	4	6	-1.629480e-01	-9.884177e-03	-1.009095e-01	1.057580e-05	9.382647e-05	1.830600e-05	0.000000e+00	0.000000e+00	0.000000e+00	9.982000e+02	5.233433e+04	2.867977e+00	-1.333493e+00	5.177856e+00	2.271599e-03	5.661916e-04	4.962397e-03	9.805261e-04	
0	37	4	7	-1.781595e-01	-9.852620e-03	-9.229044e-02	1.036477e-05	9.209750e-05	1.797048e-05	0.000000e+00	0.000000e+00	0.000000e+00	9.982000e+02	5.096670e+04	3.089670e+00	-1.383830e+00	5.310017e+00	1.313408e-03	5.350620e-04	4.716509e-03	9.276312e-04	
0	37	4	8	-1.882249e-01	-9.831788e-03	-8.659020e-02	3.560343e-06	3.160505e-05	6.166387e-06	0.000000e+00	0.000000e+00	0.000000e+00	9.982000e+02	5.168722e+04	3.145585e+00	-1.385883e+00	5.286976e+00	2.135975e-04	1.850125e-04	1.636094e-03	3.204006e-04	
0	38	4	1	-8.876260e-02	-1.119433e-02	-1.371209e-01	2.883426e-06	2.477290e-05	4.968282e-06	0.000000e+00	0.000000e+00	0.000000e+00	9.982000e+02	5.346809e+04	2.686657e+00	-1.170888e+00	4.279049e+00	1.459917e-04	1.548421e-04	1.326778e-03	2.667492e-04	
0	38	4	2	-9.892021e-02	-1.115706e-02	-1.314406e-01	8.495116e-06	7.349011e-05	1.473476e-05	0.000000e+00	0.000000e+00	0.000000e+00	9.982000e+02	5.538791e+04	2.643289e+00	-1.179444e+00	4.358563e+00	8.657372e-04	4.739776e-04	4.079485e-03	8.219171e-04	
0	38	4	3	-1.142076e-01	-1.110776e-02	-1.228670e-01	8.884328e-06	7.691041e-05	1.538912e-05	0.000000e+00	0.000000e+00	0.000000e+00	9.982000e+02	5.409981e+04	2.641110e+00	-1.253306e+00	4.738919e+00	1.203920e-03	4.867993e-04	4.185125e-03	8.434142e-04	
0	38	4	4	-1.296332e-01	-1.106543e-02	-1.141736e-01	9.012467e-06	7.809518e-05	1.561256e-05	0.000000e+00	0.000000e+00	0.000000e+00	9.982000e+02	5.300449e+04	2.690375e+00	-1.310448e+00	5.001919e+00	1.240758e-03	4.842323e-04	4.165444e-03	8.392739e-04	
0	38	4	5	-1.450496e-01	-1.103043e-02	-1.054416e-01	9.179664e-06	7.952232e-05	1.587362e-05	0.000000e+00	0.000000e+00	0.000000e+00	9.982000e+02	5.228760e+04	2.773335e+00	-1.346727e+00	5.142907e+00	1.416567e-03	4.869173e-04	4.182173e-03	8.424782e-04	
0	38	4	6	-1.604829e-01	-1.100343e-02	-9.665696e-02	9.291937e-06	8.060145e-05	1.608624e-05	0.000000e+00	0.000000e+00	0.000000e+00	9.982000e+02	5.177541e+04	2.859146e+00	-1.380709e+00	5.266624e+00	1.768636e-03	4.899940e-04	4.204102e-03	8.488411e-04	
0	38	4	7	-1.756727e-01	-1.098207e-02	-8.799823e-02	9.070136e-06	7.877707e-05	1.573303e-05	0.000000e+00	0.000000e+00	0.000000e+00	9.982000e+02	4.985389e+04	3.155301e+00	-1.449680e+00	5.439674e+00	1.620719e-03	4.610896e-04	3.957990e-03	7.997502e-04	
0	38	4	8	-1.856924e-01	-1.096700e-02	-8.229424e-02	3.110643e-06	2.699000e-05	5.384341e-06	0.000000e+00	0.000000e+00	0.000000e+00	9.982000e+02	5.044111e+04	3.238111e+00	-1.455857e+00	5.427027e+00	2.102143e-04	1.578755e-04	1.363625e-03	2.732358e-04	
0	39	4	1	-8.675232e-02	-1.209962e-02	-1.338672e-01	2.527757e-06	2.074965e-05	4.354847e-06	0.000000e+00	0.000000e+00	0.000000e+00	9.982000e+02	5.410194e+04	2.632160e+00	-1.194102e+00	4.161736e+00	2.432347e-04	1.376442e-04	1.124332e-03	2.370440e-04	
0	39	4	2	-9.688935e-02	-1.207720e-02	-1.281170e-01	7.436552e-06	6.145828e-05	1.289119e-05	0.000000e+00	0.000000e+00	0.000000e+00	9.982000e+02	5.572192e+04	2.616523e+00	-1.219961e+00	4.306725e+00	3.313505e-06	4.151349e-04	3.430745e-03	7.196313e-04	
0	39	4	3	-1.121264e-01	-1.204732e-02	-1.194669e-01	7.753501e-06	6.424174e-05	1.343181e-05	0.000000e+00	0.000000e+00	0.000000e+00	9.982000e+02	5.413982e+04	2.611944e+00	-1.309275e+00	4.754265e+00	1.193508e-03	4.264542e-04	3.506029e-03	7.390441e-04	
0	39	4	4	-1.275315e-01	-1.202098e-02	-1.106997e-01	7.911762e-06	6.570387e-05	1.370358e-05	0.000000e+00	0.000000e+00	0.000000e+00	9.982000e+02	5.292011e+04	2.672196e+00	-1.373816e+00	5.044174e+00	1.200579e-03	4.256780e-04	3.506814e-03	7.377964e-04	
0	39	4	5	-1.429815e-01	-1.199938e-02	-1.018755e-01	8.078177e-06	6.713141e-05	1.396725e-05	0.000000e+00	0.000000e+00	0.000000e+00	9.982000e+02	5.215897e+04	2.749265e+00	-1.408278e+00	5.178587e+00	1.286703e-03	4.274098e-04	3.520672e-03	7.395439e-04	
0	39	4	6	-1.584289e-01	-1.198481e-02	-9.302081e-02	8.149946e-06	6.782785e-05	1.412178e-05	0.000000e+00	0.000000e+00	0.000000e+00	9.982000e+02	5.157280e+04	2.838063e+00	-1.450094e+00	5.326999e+00	1.561442e-03	4.273362e-04	3.517382e-03	7.411051e-04	
0	39	4	7	-1.735710e-01	-1.197365e-02	-8.433977e-02	7.936041e-06	6.610708e-05	1.376435e-05	0.000000e+00	0.000000e+00	0.000000e+00	9.982000e+02	4.910351e+04	3.202826e+00	-1.542195e+00	5.560178e+00	1.476122e-03	3.981342e-04	3.274853e-03	6.905356e-04	
0	39	4	8	-1.835363e-01	-1.196359e-02	-7.863891e-02	2.717069e-06	2.261282e-05	4.701173e-06	0.000000e+00	0.000000e+00	0.000000e+00	9.982000e+02	4.940304e+04	3.315191e+00	-1.554869e+00	5.562946e+00	1.870127e-04	1.352052e-04	1.119803e-03	2.339046e-04	
0	40	4	1	-8.508969e-02	-1.288811e-02	-1.311684e-01	2.195273e-06	1.709783e-05	3.793650e-06	0.000000e+00	0.000000e+00	0.000000e+00	9.982000e+02	5.481420e+04	2.529014e+00	-1.216080e+00	4.017362e+00	3.356943e-04	1.213987e-04	9.384922e-04	2.096703e-04	
0	40	4	2	-9.518725e-02	-1.288072e-02	-1.253695e-01	6.476931e-06	5.046523e-05	1.122118e-05	0.000000e+00	0.000000e+00	0.000000e+00	9.982000e+02	5.601313e+04	2.562433e+00	-1.268627e+00	4.226371e+00	3.719776e-04	3.644019e-04	2.831343e-03	6.312411e-04	
0	40	4	3	-1.103833e-01	-1.286908e-02	-1.166504e-01	6.799854e-06	5.303564e-05	1.178024e-05	0.000000e+00	0.000000e+00	0.000000e+00	9.982000e+02	5.436553e+04	2.594239e+00	-1.391912e+00	4.769044e+00	9.408206e-04	3.746164e-04	2.901501e-03	6.492541e-04	
0	40	4	4	-1.258123e-01	-1.285839e-02	-1.077913e-01	6.991013e-06	5.452625e-05	1.210781e-05	0.000000e+00	0.000000e+00	0.000000e+00	9.982000e+02	5.308228e+04	2.644754e+00	-1.468459e+00	5.085977e+00	9.930097e-04	3.763465e-04	2.913382e-03	6.523016e-04	
0	40	4	5	-1.413031e-01	-1.285103e-02	-9.887667e-02	7.150510e-06	5.562805e-05	1.237467e-05	0.000000e+00	0.000000e+00	0.000000e+00	9.982000e+02	5.190929e+04	2.703435e+00	-1.506185e+00	5.208638e+00	1.198303e-03	3.762720e-04	2.900254e-03	6.518126e-04	
0	40	4	6	-1.567403e-01	-1.284890e-02	-8.997182e-02	7.193890e-06	5.597629e-05	1.246580e-05	0.000000e+00	0.000000e+00	0.000000e+00	9.982000e+02	5.101996e+04	2.786692e+00	-1.550719e+00	5.355160e+00	1.498568e-03	3.728645e-04	2.866507e-03	6.469016e-04	
0	40	4	7	-1.718202e-01	-1.284655e-02	-8.128048e-02	6.979066e-06	5.444625e-05	1.209515e-05	0.000000e+00	0.000000e+00	0.000000e+00	9.982000e+02	4.809509e+04	3.222426e+00	-1.675000e+00	5.680619e+00	1.643781e-03	3.454801e-04	2.651248e-03	5.988962e-04	
0	40	4	8	-1.817307e-01	-1.284085e-02	-7.558639e-02	2.385811e-06	1.862632e-05	4.131033e-06	0.000000e+00	0.000000e+00	0.000000e+00	9.982000e+02	4.820947e+04	3.403996e+00	-1.703804e+00	5.716323e+00	1.704963e-04	1.157654e-04	8.989831e-04	2.004175e-04	
3	1	5	1	-8.433100e-02	-1.309380e-02	-1.298973e-01	9.629449e-07	-6.040257e-07	1.663205e-06	0.000000e+00	0.000000e+00	0.000000e+00	9.982000e+02	4.323945e+04	1.934930e-01	4.913449e-01	6.641507e-02	3.839573e-05	-4.021128e-05	2.525973e-05	-6.946436e-05	
3	1	5	2	-9.440357e-02	-1.309419e-02	-1.240803e-01	2.779339e-06	-1.741367e-06	4.816646e-06	0.000000e+00	0.000000e+00	0.000000e+00	9.982000e+02	4.749185e+04	2.960641e-01	5.021486e-01	1.070505e-02	1.315992e-04	-1.223235e-04	7.680576e-05	-2.120715e-04	
3	1	5	3	-1.095849e-01	-1.309159e-02	-1.153264e-01	2.856318e-06	-1.782683e-06	4.958025e-06	0.000000e+00	0.000000e+00	0.000000e+00	9.982000e+02	4.857847e+04	2.299968e-02	5.562236e-01	1.867430e-01	2.165000e-04	-1.177536e-04	7.382764e-05	-2.043880e-04	
3	1	5	4	-1.250354e-01	-1.308863e-02	-1.064186e-01	2.887460e-06	-1.792565e-06	5.005619e-06	0.000000e+00	0.000000e+00	0.000000e+00	9.982000e+02	4.848543e+04	-5.514996e-02	4.997266e-01	2.107702e-01	2.173104e-04	-1.120770e-04	6.994260e-05	-1.942438e-04	
3	1	5	5	-1.405437e-01	-1.308920e-02	-9.746210e-02	2.890239e-06	-1.803184e-06	4.998374e-06	0.000000e+00	0.000000e+00	0.000000e+00	9.982000e+02	4.685049e+04	-1.819867e-02	4.642111e-01	1.779892e-01	1.032594e-04	-1.086383e-04	6.794249e-05	-1.878633e-04	
3	1	5	6	-1.559681e-01	-1.309367e-02	-8.853824e-02	2.855036e-06	-1.799668e-06	4.930200e-06	0.000000e+00	0.000000e+00	0.000000e+00	9.982000e+02	4.617910e+04	4.511737e-02	4.891622e-01	1.524315e-01	3.484287e-05	-1.080893e-04	6.818792e-05	-1.866538e-04	
3	1	5	7	-1.710128e-01	-1.309530e-02	-7.984539e-02	2.728789e-06	-1.733909e-06	4.733073e-06	0.000000e+00	0.000000e+00	0.000000e+00	9.982000e+02	4.614333e+04	1.094345e-01	5.569775e-01	1.409496e-01	-1.924001e-18	-9.550458e-05	6.068489e-05	-1.656523e-04	
3	1	5	8	-1.808943e-01	-1.309155e-02	-7.415556e-02	9.240873e-07	-5.915205e-07	1.612354e-06	0.000000e+00	0.000000e+00	0.000000e+00	9.982000e+02	4.535039e+04	1.335389e-01	5.293478e-01	1.176655e-01	-1.202501e-18	-2.992559e-05	1.915577e-05	-5.221440e-05	
3	1	6	1	-8.431634e-02	-1.275186e-02	-1.297811e-01	1.084280e-06	-6.852980e-07	1.873006e-06	0.000000e+00	0.000000e+00	0.000000e+00	9.982000e+02	4.956966e+04	7.218319e-02	5.090342e-03	-3.992427e-02	-6.012503e-20	-5.747838e-05	3.632809e-05	-9.928923e-05	
3	1	6	2	-9.438442e-02	-1.275214e-02	-1.239672e-01	3.129599e-06	-1.974273e-06	5.424147e-06	0.000000e+00	0.000000e+00	0.000000e+00	9.982000e+02	5.249280e+04	-3.617379e-02	5.872866e-02	4.224736e-02	-2.405001e-19	-1.743274e-04	1.099725e-04	-3.021401e-04	
3	1	6	3	-1.095618e-01	-1.274901e-02	-1.152162e-01	3.217920e-06	-2.020240e-06	5.586116e-06	0.000000e+00	0.000000e+00	0.000000e+00	9.982000e+02	5.166262e+04	-4.112711e-01	1.045437e-01	2.747241e-01	9.845398e-06	-1.751073e-04	1.099310e-04	-3.039678e-04	
3	1	6	4	-1.250115e-01	-1.274545e-02	-1.063091e-01	3.253653e-06	-2.030200e-06	5.640745e-06	0.000000e+00	0.000000e+00	0.000000e+00	9.982000e+02	5.078577e+04	-7.750882e-01	4.278678e-02	4.624804e-01	7.816254e-19	-1.737001e-04	1.083846e-04	-3.011379e-04	
3	1	6	5	-1.405187e-01	-1.274636e-02	-9.735260e-02	3.257544e-06	-2.040933e-06	5.632233e-06	0.000000e+00	0.000000e+00	0.000000e+00	9.982000e+02	4.895577e+04	-8.999119e-01	2.325600e-02	5.289138e-01	3.607502e-19	-1.678584e-04	1.051675e-04	-2.902241e-04	
3	1	6	6	-1.559398e-01	-1.275193e-02	-8.842962e-02	3.217017e-06	-2.035774e-06	5.554857e-06	0.000000e+00	0.000000e+00	0.000000e+00	9.982000e+02	4.605593e+04	-8.233334e-01	6.718617e-02	5.014447e-01	3.607502e-19	-1.566522e-04	9.913178e-05	-2.704931e-04	
3	1	6	7	-1.709801e-01	-1.275396e-02	-7.973895e-02	3.074637e-06	-1.960642e-06	5.332742e-06	0.000000e+00	0.000000e+00	0.000000e+00	9.982000e+02	4.034665e+04	-5.803069e-01	7.640784e-02	3.626730e-01	-3.908127e-19	-1.278802e-04	8.154697e-05	-2.217992e-04	
3	1	6	8	-1.808584e-01	-1.274976e-02	-7.405048e-02	1.041218e-06	-6.687411e-07	1.816570e-06	0.000000e+00	0.000000e+00	0.000000e+00	9.982000e+02	3.804574e+04	-2.176306e-01	1.037522e-02	1.285605e-01	2.705627e-19	-4.164517e-05	2.674736e-05	-7.265661e-05	
3	1	7	1	-8.429934e-02	-1.238975e-02	-1.296580e-01	1.082600e-06	-6.896445e-07	1.870384e-06	0.000000e+00	0.000000e+00	0.000000e+00	9.982000e+02	4.983203e+04	-3.082545e-02	-6.317443e-01	-2.150934e-01	-7.816254e-19	-5.550392e-05	3.535745e-05	-9.589291e-05	
3	1	7	2	-9.436279e-02	-1.238988e-02	-1.238474e-01	3.124826e-06	-1.985398e-06	5.416474e-06	0.000000e+00	0.000000e+00	0.000000e+00	9.982000e+02	5.243684e+04	-4.704334e-01	-5.075675e-01	8.535054e-02	4.810003e-19	-1.685663e-04	1.071008e-04	-2.921874e-04	
3	1	7	3	-1.095360e-01	-1.238616e-02	-1.150994e-01	3.214831e-06	-2.031711e-06	5.581239e-06	0.000000e+00	0.000000e+00	0.000000e+00	9.982000e+02	5.166975e+04	-1.059695e+00	-4.101127e-01	4.611000e-01	1.352813e-18	-1.706428e-04	1.078429e-04	-2.962514e-04	
3	1	7	4	-1.249853e-01	-1.238192e-02	-1.061930e-01	3.251207e-06	-2.040532e-06	5.636917e-06	0.000000e+00	0.000000e+00	0.000000e+00	9.982000e+02	5.074787e+04	-1.394525e+00	-4.198237e-01	6.523471e-01	-2.645501e-18	-1.697217e-04	1.065212e-04	-2.942621e-04	
3	1	7	5	-1.404913e-01	-1.238317e-02	-9.723653e-02	3.255859e-06	-2.049155e-06	5.627922e-06	0.000000e+00	0.000000e+00	0.000000e+00	9.982000e+02	4.898965e+04	-1.498645e+00	-4.114314e-01	7.171899e-01	-1.082251e-18	-1.640099e-04	1.032237e-04	-2.834997e-04	
3	1	7	6	-1.559090e-01	-1.238988e-02	-8.831448e-02	3.214452e-06	-2.042698e-06	5.550006e-06	0.000000e+00	0.000000e+00	0.000000e+00	9.982000e+02	4.745366e+04	-1.414871e+00	-3.331543e-01	6.968463e-01	-2.194564e-18	-1.564667e-04	9.943038e-05	-2.701521e-04	
3	1	7	7	-1.709448e-01	-1.239232e-02	-7.962613e-02	3.072046e-06	-1.966625e-06	5.328054e-06	0.000000e+00	0.000000e+00	0.000000e+00	9.982000e+02	4.462780e+04	-9.642418e-01	-3.383997e-01	4.310560e-01	-1.202501e-19	-1.402918e-04	8.981028e-05	-2.433174e-04	
3	1	7	8	-1.808198e-01	-1.238766e-02	-7.393909e-02	1.040357e-06	-6.706222e-07	1.814911e-06	0.000000e+00	0.000000e+00	0.000000e+00	9.982000e+02	4.403296e+04	-3.275921e-01	-3.363802e-01	6.348999e-02	-1.277657e-19	-4.722885e-05	3.044409e-05	-8.239110e-05	
3	1	8	1	-8.428187e-02	-1.204845e-02	-1.295421e-01	9.584639e-07	-6.118544e-07	1.656547e-06	0.000000e+00	0.000000e+00	0.000000e+00	9.982000e+02	4.141625e+04	-9.811858e-02	-1.387198e+00	-4.555982e-01	-1.472829e-04	-2.156021e-05	1.430839e-05	-3.722067e-05	
3	1	8	2	-9.434108e-02	-1.204843e-02	-1.237347e-01	2.767502e-06	-1.760479e-06	4.797291e-06	0.000000e+00	0.000000e+00	0.000000e+00	9.982000e+02	4.444111e+04	-5.905315e-01	-1.234359e+00	-1.123062e-01	-3.151725e-04	-7.717924e-05	5.022257e-05	-1.340642e-04	
3	1	8	3	-1.095106e-01	-1.204411e-02	-1.149892e-01	2.848362e-06	-1.811288e-06	4.945445e-06	0.000000e+00	0.000000e+00	0.000000e+00	9.982000e+02	4.376869e+04	-1.124961e+00	-1.119330e+00	2.379702e-01	-1.977640e-04	-7.980366e-05	5.147887e-05	-1.389888e-04	
3	1	8	4	-1.249595e-01	-1.203918e-02	-1.060835e-01	2.881152e-06	-1.818159e-06	4.995749e-06	0.000000e+00	0.000000e+00	0.000000e+00	9.982000e+02	4.250912e+04	-1.371992e+00	-1.114751e+00	3.855522e-01	-2.084810e-04	-7.663960e-05	4.917120e-05	-1.334622e-04	
3	1	8	5	-1.404646e-01	-1.204074e-02	-9.712704e-02	2.885934e-06	-1.824201e-06	4.987355e-06	0.000000e+00	0.000000e+00	0.000000e+00	9.982000e+02	4.030272e+04	-1.465048e+00	-1.111678e+00	4.411375e-01	-1.883314e-04	-6.647972e-05	4.278967e-05	-1.154427e-04	
3	1	8	6	-1.558792e-01	-1.204850e-02	-8.820586e-02	2.848486e-06	-1.817307e-06	4.917808e-06	0.000000e+00	0.000000e+00	0.000000e+00	9.982000e+02	3.862467e+04	-1.371607e+00	-1.036880e+00	4.112960e-01	-7.458504e-05	-5.807284e-05	3.735138e-05	-1.004666e-04	
3	1	8	7	-1.709107e-01	-1.205133e-02	-7.951970e-02	2.722181e-06	-1.748960e-06	4.721118e-06	0.000000e+00	0.000000e+00	0.000000e+00	9.982000e+02	3.501299e+04	-8.797027e-01	-1.032325e+00	1.248039e-01	-1.655494e-04	-4.122212e-05	2.713467e-05	-7.176419e-05	
3	1	8	8	-1.807826e-01	-1.204624e-02	-7.383401e-02	9.218838e-07	-5.962521e-07	1.608109e-06	0.000000e+00	0.000000e+00	0.000000e+00	9.982000e+02	3.469862e+04	-3.028911e-01	-9.649549e-01	-1.841455e-01	-6.549547e-05	-1.393688e-05	9.241148e-06	-2.433386e-05	
