0 1.03319039034
1 0.511236452402
2 0.741795109445
3 0.102560710753
4 0.538826911913
5 0.635497742969
6 0.061731811178
7 0.119303582914
8 0.12376022173
9 0.127244447405
10 0.348551090114
11 1.48697089672196
12 0.934201757106
13 1.44239349284424
14 0.00326508664456
15 1.22066487156289
16 0.061443495112
17 0
18 0.874645073825
19 0.21998322922
20 0.77840739752404
21 0.229232005713
22 0.57084120711677
23 0.088959633633
24 0.067873907525
25 0.412720216666
26 0.230729292932
27 0.562175818529
28 0.65148123833981
29 0.248502508685
30 0.286750203865
31 0.01803413531536
32 0.199546373249
33 0.85004333921
34 1.13123013778996
35 0.188965491025
36 0.536228337074
37 0.541388847154
38 0.50899976282
39 0.413405010845
40 0.628447439357
41 0.511456390525
42 0.578006804989
43 0.50067441610244
44 0.241724488545
45 1.03642568866
46 0.15745037490221
47 0.307433953345
48 0.086950276141
49 0.170894993501
50 0.155584725544
51 1.03800541745
52 0.932183217764
53 0.753889530797
54 0.745004632346
55 0.453572997293
56 1.216513763845
57 0.494892998441
58 0.152684254565
59 0.257945530869
60 0.105998293508
61 0.00340860277649
62 0.530388759965
63 0.638056083325
64 0.394344265489
65 0.065332440482
66 0.736297043828
67 0.277157748305
68 0.15301994151289
69 0.397943233416
70 0.171407814961
71 0.528521165586
72 0.013662861482
73 0.57197859381
74 1.129494269557
75 0.050322562985
76 0.06454675289
77 0.459763797205
78 0.776526280289
79 0.748554529498
80 0.496533623213
81 0.01364482776529
82 0.387362487265
83 0.515431930885
84 0.00711273556728999
85 0.635231343645
86 0.886826492362
87 0.165689751317
88 0.799382037845
89 0.541669551904
90 0.749592799433
91 0.147071418778
92 0.00023850314836
93 1.214074240353
94 0.985475224196
95 0.377846821378
96 0.150195854617
97 0.92941159665709
98 0.586941998282
99 0.283764354809
100 0.66244390353401
101 0.773644739026
102 0.348693580264
103 0.17201759009
104 0.56536168338
105 0.338045358317
106 1.059659533013
107 0.212636270762
108 0.43401465361825
109 0.61264021537156
110 0.263656438877
111 0.73835194145
112 0.482967576538
113 0.64380454083104
114 0.542268155552
115 0.054573728948
116 0.334005708969
117 0.276503414445
118 0.75433246446125
119 0.27000608471044
120 0.656869206049
121 0.76042466773
122 0.586482352436
123 0.00871863935955999
124 0.602922601021
125 0.568957150577
126 0.659449669024
127 0.310723005365
128 0.511414428989
129 0.00940308496
130 0.531593210245
131 0.657707713777
132 0.823956100985
133 1.38759241438964
134 0.195171867936
135 0.776054359505
136 1.21904789372424
137 0.104532718181
138 1.43505615132821
139 0.6384362384
140 0.585189446785
141 0.866596470829
142 0.671646285661
143 0.66385834329664
144 0.356061519325
145 1.053256961074
146 0.566757674257
147 0.466029496474
148 0.674543946656
149 0.160320638224
150 0.534756449245
151 0.107456268114
152 1.07758636970504
153 1.256191989829
154 0.12013424780761
155 0.708237615332
156 1.126849591394
157 0.813684420721
158 0.816814795266
159 0.65235428796676
160 0.44551553056
161 0.293764556432
162 0.03087423192109
163 0.616564126357
164 0.049214197685
165 0.38435801500141
166 0.329390322696
167 0.15747800996404
168 0.843946792594
169 0.027081341962
170 0.463013564945
171 0.265737891908
172 0.9543716557
173 0.839795641178
174 0.720810313229
175 0.01124292124909
176 0.856777930564
177 1.61268072704776
178 0.60341048433521
179 0.95967277265
180 0.214341062788
181 0.523960521829
182 0.118635355313
183 1.54857081581621
184 0.328562370253
185 0.0804290569
186 0.638422601413
187 0.901881717256
188 0.874167754321
189 1.15457139064815
190 0.420841807816
191 1.12615473985524
192 0.579083724389
193 0.02365886565664
194 0.11634980616136
195 0.224831773637
196 0.046532961193
197 0.555884555024
198 0.168768099497
199 1.334303236069
200 0.204348708745
201 0.157714628705
202 0.421488401281
203 0.105316732225
204 0.375780413704
205 1.44196323885641
206 0.35543050262389
207 0.84998187209
208 0.196464073765
209 0.209538815265
210 0.315025118993
211 0.24427223842856
212 0.017694813044
213 0.58731807037
214 0.226781371624
215 0.505212804773
216 0.258744406754369
217 0.06198066719296
218 0.484609681778
219 0.19885096997
220 0.160976924002
221 0.624277462185
222 0.518600074869
223 0.59810339777
224 0.24156847349
225 1.29839027661856
226 0.257001884434
227 1.00217673048096
228 0.263382220154
229 0.175518342265
230 0.635897739914
231 0.04098687184
232 1.244728107565
233 0.256558415617
234 0.955740345745
235 0.268775114389
236 0.920621976457
237 1.368998427833
238 0.02459811911184
239 1.07012974910224
240 0.09410246001
241 0.822243777524
242 0.479858721428
243 0.48222486236321
244 0.10162893658
245 0.00536962883641
246 0.245391800425
247 0.008535691562
248 0.398928917693
249 0.490454358554
250 0.568963773274
251 0.14054522916584
252 0.726180759058
253 0.048630572213
254 0.467325812557
255 0.22168743189025
256 0.352966007941
257 1.33973635946144
258 0.241565130452
259 0.9792052625
260 0.412886632626
261 0.270285886792
262 0.40848496265
263 0.288875135029
264 0.904353896561
265 1.0632136277
266 0.966965514346
267 0.897076506105
268 0.42108159560525
269 0.372307382005
270 0.244321357453
271 0.588225981725
272 0.190511344129
273 0.055439693594
274 0.18462032793
275 0.608588936954
276 0.870658976125
277 0.093803338525
278 0.19625029177
279 0.228264998389
280 0.687527451637
281 0.71446280139936
282 0.420829271956
283 1.061675136653
284 0.402007493092
285 0.72224494753
286 0.831172140004
287 0.629087438185
288 0.470549410237
289 0.280421858106
290 0.749571189045098
291 1.349897238352
292 0.177803407972
293 0.01649536705801
294 0.105875694521
295 0.802255534057
296 0.887270142608
297 1.42734761056049
298 0.56596747237
299 0.221609041616
300 0.76334504116
301 0.120949815401
302 0.499556194913
303 0.040485147466
304 0.129135081805
305 1.174322855476
306 0.062688918932
307 0.811137248617
308 0.108591847073
309 0.139993490821
310 0.650284718733
311 0.789557034578
312 0.587186952553
313 0.01764782842225
314 0.402240612626
315 0.058340157466
316 0.561579121426
317 0.97846646800016
318 1.20026654526425
319 0.06484306298
320 0.83063928293725
321 0.718622775466
322 0.786107342393
323 0.492007478701
324 0.402109710925
325 0.860326880825
326 0.460883973716
327 0.189569211808
328 0.419917987892
329 0.193862477957
330 0.867249374186
331 0.509388905833
332 0.00574724169295999
333 0.126910171456
334 0.181606269385
335 0.895389079309
336 0.225087518897
337 0.07068413844
338 0.090849089597
339 0.829792213345
340 0.392422323365
341 0.954938537522
342 0.336463503413
343 0.72358330609
344 1.08847218402
345 0.741277833245
346 0.56891287033573
347 0.761630460466
348 0.047517226425
349 0.400783714164
350 0.536243477314
351 0.229706245457
352 0.51184838098
353 0.69795971714824
354 0.464578937386
355 0.563853619476
356 0.121663157842
357 0.070577171204
358 0.60581015384464
359 0.477094809485
360 0.047512754293
361 0.567470910565
362 0.409202293266
363 0.807134869109
364 0.01908753293
365 0.359768406841
366 0.40455403209736
367 0.59824988975309
368 0.540914679161
369 0.040392477193
370 0.460580241188
371 0.520784628226
372 0.819710826997
373 0.09625354677
374 0.00391896149364001
375 1.056682985825
376 0.70829214282
377 0.9184860473
378 0.05329795685
379 0.179197374241
380 0.537115321044
381 0.730657706194
382 0.52800103108
383 0.653151832885
384 0.50946766193429
385 0.497526019157
386 0.092554732525
387 0.156463232185
388 0.566029138252318
389 0.899868698233
390 1.476488008841
391 0.393461528525
392 0.4969556509
393 0.172103703694488
394 0.731254815457
395 0.68810962406724
396 1.25734685325124
397 0.466364408996
398 0.90861725242
399 0.060125019161
400 0.415630390045
401 0.712475226965
402 0.849825332941
403 0.823377699301
404 0.134728214818
405 0.409931869498
406 0.613723864429
407 0.121066721905
408 0.330184868813
409 0.184979423725
410 0.10680938197
411 0.488929872485
412 1.13454797941
413 0.504737929225
414 0.390181724341
415 0.063731849
416 0.991357334525
417 1.099783686466
418 0.570879315449
419 0.15035163784
420 0.72143929805
421 0.0293210018
422 0.687484485965
423 0.385137790738
424 0.00993944700916
425 0.745613369684
426 0.349776402677
427 0.368930627017
428 0.247801480225
429 0.564824799373
430 0.426542976724
431 0.65555641945
432 0.180949979466
433 0.597401023313
434 0.129519683082
435 0.499282206634
436 0.72759327706
437 1.31653985620356
438 0.018604348544
439 0.0433309844048506
440 0.749713272309
441 0.43424690429
442 0.78001580312129
443 1.55083699403125
444 1.09316330725
445 0.534892050725
446 0.025137652712
447 0.53747083634
448 0.22571881924
449 0.01820243259236
450 0.281009463005
451 0.359103898217
452 0.02483243939725
453 0.256028238388
454 0.309105940405
455 0.266419752833
456 0.70650316712
457 0.104135115977
458 0.57563512153992
459 0.01554815432729
460 0.844264441021
461 0.151035334245
462 0.138260193349
463 0.753360236708
464 0.500586510346
465 0.544542264341
466 0.634785215818
467 0.23811579805
468 0.377035758797
469 0.246367318357
470 0.921281713524
471 0.397561022072993
472 0.19565693568
473 0.913150569538
474 0.772365561977
475 0.938615678633
476 0.238323131437
477 0.534388439381
478 0.513722861089
479 0.068469878032
480 0.578086661653
481 0.169797513005
482 0.20717940721
483 0.280985520285
484 0.01096782854689
485 0.945803147368
486 0.290487263413
487 0.886002870226
488 0.257518570577
489 0.78718628672561
490 0.567572854525
491 0.041519788721
492 0.726681459848
493 1.31109755185
494 0.127145630818
495 0.926066936552
496 0.06165254578
497 0.502741416394
498 0.632081988514
499 0.085670856676
500 0.196135956497
501 0.15380921058724
502 0.101058686213
503 0.00377831816036
504 0.039721428052
505 0.122490035881
506 0.334696613186
507 0.401356730344
508 0.03529767822184
509 0.931392097402
510 0.272262987317
511 0.293782570525
512 0.339364688545
513 0.771314995625
514 0.793753529714
515 0.49856384597
516 0.124326665905
517 1.144421236985
518 0.280022664077
519 0.01042529042056
520 0.31437932453
521 0.173099207641
522 0.364543869105
523 0.09490180429
524 0.575839308421
525 1.221437701129
526 0.798190282994
527 0.00751960517008999
528 0.16252544801
529 0.83979679484084
530 0.308286865952
531 0.790772067464
532 0.420281381921
533 0.072194587105
534 1.25043607949364
535 0.688480947709
536 0.192380493545
537 0.88974440341
538 1.071994312736
539 0.117611472757
540 0.06284125442
541 0.436239412754
542 0.983953346576
543 0.409443386509
544 1.29531940808656
545 0.916884330273
546 0.812888051645
547 0.040241350717
548 0.934708895284
549 0.29888742833
550 1.06333478145
551 0.355150425845
552 0.715435500785
553 0.95651977013541
554 0.075962219072
555 0.131623387565
556 0.524590194564
557 0.052193770421
558 0.16436884754
559 0.098479624464
560 0.901154911477
561 0.545094473173
562 0.249958968349
563 0.508487931664
564 0.68663847382321
565 0.113058784852
566 0.774108292505
567 0.358426120025
568 0.636608430585
569 0.519167910298
570 0.674659397453
571 0.613795221005
572 0.70596391576456
573 0.071429335172
574 0.492560566145
575 0.05260616296
576 0.214808352178
577 0.62044275114
578 0.077519402741
579 1.214500427098
580 0.42024153653
581 1.10076346588949
582 1.033086720593
583 0.16897104747889
584 0.63662745866
585 0.140207762817
586 0.123922549665
587 0.710379746861
588 0.348933525737
589 1.3225135073
