        50    -0.95736     0.50000
       100    -0.94834     0.50000
       150    -0.94845     0.50000
       200    -0.94800     0.50000
       250    -0.94924     0.50000
       300    -0.94956     0.50000
       350    -0.95075     0.50000
       400    -0.95122     0.50000
       450    -0.95233     0.50000
       500    -0.95282     0.50000
       550    -0.95387     0.50000
       600    -0.95437     0.50000
       650    -0.95539     0.50000
       700    -0.95589     0.50000
       750    -0.95691     0.50000
       800    -0.95743     0.50000
       850    -0.95848     0.50000
       900    -0.95902     0.50000
       950    -0.96011     0.50000
      1000    -0.96068     0.50000
      1050    -0.96182     0.50000
      1100    -0.96244     0.50000
      1150    -0.96364     0.50000
      1200    -0.96430     0.50000
      1250    -0.96559     0.50000
      1300    -0.96632     0.50000
      1350    -0.96771     0.50000
      1400    -0.96852     0.50000
      1450    -0.97003     0.50000
      1500    -0.97097     0.50000
      1550    -0.97266     0.50000
      1600    -0.97377     0.50000
      1650    -0.97574     0.50000
      1700    -0.97716     0.50000
      1750    -0.97958     0.50000
      1800    -0.98159     0.50000
      1850    -0.98491     0.50000
      1900    -0.98813     0.50000
      1950    -0.99338     0.50000
      2000    -0.99947     0.50000
      2050    -1.00948     0.50000
      2100    -1.02317     0.50000
      2150    -1.04643     0.50000
      2200    -1.08306     0.50000
      2250    -1.13983     0.50000
      2300    -1.19664     0.50000
      2350    -1.23506     0.50000
      2400    -1.26024     0.50000
      2450    -1.28839     0.50000
      2500    -1.33635     0.50000
      2550    -1.38672     0.50000
      2600    -1.42078     0.50000
      2650    -1.44062     0.50000
      2700    -1.45208     0.50000
      2750    -1.45801     0.50000
      2800    -1.46239     0.50000
      2850    -1.46474     0.50000
      2900    -1.46745     0.50000
      2950    -1.46900     0.50000
      3000    -1.47132     0.50000
      3050    -1.47266     0.50000
      3100    -1.47485     0.50000
      3150    -1.47610     0.50000
      3200    -1.47821     0.50000
      3250    -1.47939     0.50000
      3300    -1.48142     0.50000
      3350    -1.48253     0.50000
      3400    -1.48449     0.50000
      3450    -1.48554     0.50000
      3500    -1.48743     0.50000
      3550    -1.48842     0.50000
      3600    -1.49025     0.50000
      3650    -1.49119     0.50000
      3700    -1.49296     0.50000
      3750    -1.49385     0.50000
      3800    -1.49557     0.50000
      3850    -1.49641     0.50000
      3900    -1.49808     0.50000
      3950    -1.49887     0.50000
      4000    -1.50050     0.50000
      4050    -1.50126     0.50000
      4100    -1.50284     0.50000
      4150    -1.50356     0.50000
      4200    -1.50510     0.50000
      4250    -1.50579     0.50000
      4300    -1.50729     0.50000
      4350    -1.50794     0.50000
      4400    -1.50941     0.50000
      4450    -1.51003     0.50000
      4500    -1.51146     0.50000
      4550    -1.51205     0.50000
      4600    -1.51345     0.50000
      4650    -1.51401     0.50000
      4700    -1.51538     0.50000
      4750    -1.51592     0.50000
      4800    -1.51726     0.50000
      4850    -1.51776     0.50000
      4900    -1.51908     0.50000
      4950    -1.51956     0.50000
      5000    -1.52085     0.50000
      5050    -1.52130     0.50000
      5100    -1.52256     0.50000
      5150    -1.52300     0.50000
      5200    -1.52424     0.50000
      5250    -1.52464     0.50000
      5300    -1.52586     0.50000
      5350    -1.52625     0.50000
      5400    -1.52744     0.50000
      5450    -1.52781     0.50000
      5500    -1.52898     0.50000
      5550    -1.52933     0.50000
      5600    -1.53048     0.50000
      5650    -1.53081     0.50000
      5700    -1.53194     0.50000
      5750    -1.53225     0.50000
      5800    -1.53337     0.50000
      5850    -1.53365     0.50000
      5900    -1.53475     0.50000
      5950    -1.53502     0.50000
      6000    -1.53611     0.50000
      6050    -1.53636     0.50000
      6100    -1.53743     0.50000
      6150    -1.53766     0.50000
      6200    -1.53871     0.50000
      6250    -1.53893     0.50000
      6300    -1.53997     0.50000
      6350    -1.54017     0.50000
      6400    -1.54120     0.50000
      6450    -1.54138     0.50000
      6500    -1.54240     0.50000
      6550    -1.54256     0.50000
      6600    -1.54357     0.50000
      6650    -1.54372     0.50000
      6700    -1.54471     0.50000
      6750    -1.54485     0.50000
      6800    -1.54584     0.50000
      6850    -1.54596     0.50000
      6900    -1.54693     0.50000
      6950    -1.54704     0.50000
      7000    -1.54800     0.50000
      7050    -1.54810     0.50000
      7100    -1.54906     0.50000
      7150    -1.54914     0.50000
      7200    -1.55008     0.50000
      7250    -1.55015     0.50000
      7300    -1.55109     0.50000
      7350    -1.55115     0.50000
      7400    -1.55208     0.50000
      7450    -1.55213     0.50000
      7500    -1.55305     0.50000
      7550    -1.55309     0.50000
      7600    -1.55401     0.50000
      7650    -1.55403     0.50000
      7700    -1.55494     0.50000
      7750    -1.55495     0.50000
      7800    -1.55586     0.50000
      7850    -1.55586     0.50000
      7900    -1.55676     0.50000
      7950    -1.55675     0.50000
      8000    -1.55765     0.50000
      8050    -1.55763     0.50000
      8100    -1.55852     0.50000
      8150    -1.55849     0.50000
      8200    -1.55938     0.50000
      8250    -1.55934     0.50000
      8300    -1.56023     0.50000
      8350    -1.56018     0.50000
      8400    -1.56106     0.50000
      8450    -1.56100     0.50000
      8500    -1.56188     0.50000
      8550    -1.56182     0.50000
      8600    -1.56269     0.50000
      8650    -1.56262     0.50000
      8700    -1.56349     0.50000
      8750    -1.56341     0.50000
      8800    -1.56428     0.50000
      8850    -1.56419     0.50000
      8900    -1.56506     0.50000
      8950    -1.56496     0.50000
      9000    -1.56583     0.50000
      9050    -1.56572     0.50000
      9100    -1.56659     0.50000
      9150    -1.56648     0.50000
      9200    -1.56735     0.50000
      9250    -1.56722     0.50000
      9300    -1.56809     0.50000
      9350    -1.56796     0.50000
      9400    -1.56883     0.50000
      9450    -1.56869     0.50000
      9500    -1.56956     0.50000
      9550    -1.56941     0.50000
      9600    -1.57029     0.50000
      9650    -1.57013     0.50000
      9700    -1.57101     0.50000
      9750    -1.57085     0.50000
      9800    -1.57172     0.50000
      9850    -1.57155     0.50000
      9900    -1.57243     0.50000
      9950    -1.57225     0.50000
     10000    -1.57314     0.50000
