  0.000000000000000E+000  1.653626369184560E-002
  2.000000000000000E-002  1.984493983793510E-002
  4.000000000000000E-002  2.688779555625483E-002
  6.000000000000000E-002  4.112088050050935E-002
  8.000000000000000E-002  6.664155797944664E-002
  0.100000000000000       0.104732935125979     
  0.120000000000000       0.151900450161588     
  0.140000000000000       0.203861031429468     
  0.160000000000000       0.259757623330762     
  0.180000000000000       0.321314538009930     
  0.200000000000000       0.389608518850363     
  0.220000000000000       0.463171683395094     
  0.240000000000000       0.538535161675184     
  0.260000000000000       0.612230183258363     
  0.280000000000000       0.682491103994100     
  0.300000000000000       0.749613315349625     
  0.320000000000000       0.815130532241766     
  0.340000000000000       0.880583307587709     
  0.360000000000000       0.946547750869885     
  0.380000000000000        1.01222962277342     
  0.400000000000000        1.07562200590729     
  0.420000000000000        1.13404613228841     
  0.440000000000000        1.18482493471015     
  0.460000000000000        1.22585959119542     
  0.480000000000000        1.25596801875154     
  0.500000000000000        1.27495640300471     
  0.520000000000000        1.28348208398973     
  0.540000000000000        1.28280389237330     
  0.560000000000000        1.27450961718951     
  0.580000000000000        1.26028062274827     
  0.600000000000000        1.24172080853585     
  0.620000000000000        1.22025244120780     
  0.640000000000000        1.19706770170886     
  0.660000000000000        1.17312005468928     
  0.680000000000000        1.14914028486672     
  0.700000000000000        1.12566523476748     
  0.720000000000000        1.10307096440954     
  0.740000000000000        1.08160525364543     
  0.760000000000000        1.06141675328102     
  0.780000000000000        1.04257968231261     
  0.800000000000000        1.02511392680277     
  0.820000000000000        1.00900090682948     
  0.840000000000000       0.994195800825050     
  0.860000000000000       0.980636769615252     
  0.880000000000000       0.968251785251372     
  0.900000000000000       0.956963592019912     
  0.920000000000000       0.946693237566081     
  0.940000000000000       0.937362526025642     
  0.960000000000000       0.928895669310616     
  0.980000000000000       0.921220349430314     
