        50    -0.94852     1.00000
       100    -0.94832     1.00000
       150    -0.94690     1.00000
       200    -0.94777     1.00000
       250    -0.94678     1.00000
       300    -0.94765     1.00000
       350    -0.94677     1.00000
       400    -0.94764     1.00000
       450    -0.94681     1.00000
       500    -0.94769     1.00000
       550    -0.94691     1.00000
       600    -0.94782     1.00000
       650    -0.94709     1.00000
       700    -0.94805     1.00000
       750    -0.94737     1.00000
       800    -0.94839     1.00000
       850    -0.94776     1.00000
       900    -0.94884     1.00000
       950    -0.94826     1.00000
      1000    -0.94939     1.00000
      1050    -0.94884     1.00000
      1100    -0.95002     1.00000
      1150    -0.94951     1.00000
      1200    -0.95076     1.00000
      1250    -0.95028     1.00000
      1300    -0.95162     1.00000
      1350    -0.95118     1.00000
      1400    -0.95261     1.00000
      1450    -0.95222     1.00000
      1500    -0.95377     1.00000
      1550    -0.95345     1.00000
      1600    -0.95515     1.00000
      1650    -0.95495     1.00000
      1700    -0.95686     1.00000
      1750    -0.95686     1.00000
      1800    -0.95911     1.00000
      1850    -0.95951     1.00000
      1900    -0.96244     1.00000
      1950    -0.96382     1.00000
      2000    -0.96851     1.00000
      2050    -0.97329     1.00000
      2100    -0.98636     1.00000
      2150    -1.01949     1.00000
      2200    -1.11974     1.00000
      2250    -1.22112     1.00000
      2300    -1.27374     1.00000
      2350    -1.29434     1.00000
      2400    -1.31170     1.00000
      2450    -1.42968     1.00000
      2500    -1.47692     1.00000
      2550    -1.48610     1.00000
      2600    -1.48959     1.00000
      2650    -1.49148     1.00000
      2700    -1.49299     1.00000
      2750    -1.49391     1.00000
      2800    -1.49494     1.00000
      2850    -1.49554     1.00000
      2900    -1.49639     1.00000
      2950    -1.49685     1.00000
      3000    -1.49763     1.00000
      3050    -1.49802     1.00000
      3100    -1.49877     1.00000
      3150    -1.49913     1.00000
      3200    -1.49987     1.00000
      3250    -1.50023     1.00000
      3300    -1.50097     1.00000
      3350    -1.50133     1.00000
      3400    -1.50208     1.00000
      3450    -1.50245     1.00000
      3500    -1.50319     1.00000
      3550    -1.50357     1.00000
      3600    -1.50429     1.00000
      3650    -1.50468     1.00000
      3700    -1.50537     1.00000
      3750    -1.50576     1.00000
      3800    -1.50642     1.00000
      3850    -1.50684     1.00000
      3900    -1.50747     1.00000
      3950    -1.50792     1.00000
      4000    -1.50854     1.00000
      4050    -1.50903     1.00000
      4100    -1.50964     1.00000
      4150    -1.51017     1.00000
      4200    -1.51078     1.00000
      4250    -1.51135     1.00000
      4300    -1.51197     1.00000
      4350    -1.51259     1.00000
      4400    -1.51321     1.00000
      4450    -1.51388     1.00000
      4500    -1.51451     1.00000
      4550    -1.51523     1.00000
      4600    -1.51588     1.00000
      4650    -1.51664     1.00000
      4700    -1.51730     1.00000
      4750    -1.51811     1.00000
      4800    -1.51877     1.00000
      4850    -1.51963     1.00000
      4900    -1.52029     1.00000
      4950    -1.52117     1.00000
      5000    -1.52183     1.00000
      5050    -1.52274     1.00000
      5100    -1.52338     1.00000
      5150    -1.52431     1.00000
      5200    -1.52494     1.00000
      5250    -1.52587     1.00000
      5300    -1.52647     1.00000
      5350    -1.52741     1.00000
      5400    -1.52799     1.00000
      5450    -1.52892     1.00000
      5500    -1.52946     1.00000
      5550    -1.53038     1.00000
      5600    -1.53089     1.00000
      5650    -1.53179     1.00000
      5700    -1.53227     1.00000
      5750    -1.53315     1.00000
      5800    -1.53359     1.00000
      5850    -1.53445     1.00000
      5900    -1.53486     1.00000
      5950    -1.53569     1.00000
      6000    -1.53606     1.00000
      6050    -1.53687     1.00000
      6100    -1.53720     1.00000
      6150    -1.53798     1.00000
      6200    -1.53828     1.00000
      6250    -1.53904     1.00000
      6300    -1.53930     1.00000
      6350    -1.54004     1.00000
      6400    -1.54027     1.00000
      6450    -1.54099     1.00000
      6500    -1.54119     1.00000
      6550    -1.54188     1.00000
      6600    -1.54206     1.00000
      6650    -1.54274     1.00000
      6700    -1.54289     1.00000
      6750    -1.54355     1.00000
      6800    -1.54368     1.00000
      6850    -1.54432     1.00000
      6900    -1.54443     1.00000
      6950    -1.54506     1.00000
      7000    -1.54515     1.00000
      7050    -1.54577     1.00000
      7100    -1.54584     1.00000
      7150    -1.54645     1.00000
      7200    -1.54651     1.00000
      7250    -1.54710     1.00000
      7300    -1.54715     1.00000
      7350    -1.54774     1.00000
      7400    -1.54777     1.00000
      7450    -1.54836     1.00000
      7500    -1.54837     1.00000
      7550    -1.54895     1.00000
      7600    -1.54896     1.00000
      7650    -1.54954     1.00000
      7700    -1.54953     1.00000
      7750    -1.55010     1.00000
      7800    -1.55009     1.00000
      7850    -1.55066     1.00000
      7900    -1.55063     1.00000
      7950    -1.55120     1.00000
      8000    -1.55117     1.00000
      8050    -1.55173     1.00000
      8100    -1.55169     1.00000
      8150    -1.55225     1.00000
      8200    -1.55219     1.00000
      8250    -1.55276     1.00000
      8300    -1.55269     1.00000
      8350    -1.55325     1.00000
      8400    -1.55318     1.00000
      8450    -1.55374     1.00000
      8500    -1.55365     1.00000
      8550    -1.55421     1.00000
      8600    -1.55412     1.00000
      8650    -1.55467     1.00000
      8700    -1.55457     1.00000
      8750    -1.55512     1.00000
      8800    -1.55501     1.00000
      8850    -1.55556     1.00000
      8900    -1.55544     1.00000
      8950    -1.55599     1.00000
      9000    -1.55586     1.00000
      9050    -1.55640     1.00000
      9100    -1.55627     1.00000
      9150    -1.55681     1.00000
      9200    -1.55667     1.00000
      9250    -1.55720     1.00000
      9300    -1.55706     1.00000
      9350    -1.55759     1.00000
      9400    -1.55743     1.00000
      9450    -1.55796     1.00000
      9500    -1.55780     1.00000
      9550    -1.55833     1.00000
      9600    -1.55816     1.00000
      9650    -1.55869     1.00000
      9700    -1.55851     1.00000
      9750    -1.55903     1.00000
      9800    -1.55885     1.00000
      9850    -1.55937     1.00000
      9900    -1.55918     1.00000
      9950    -1.55970     1.00000
     10000    -1.55951     1.00000
     10050    -1.56002     1.00000
     10100    -1.55982     1.00000
     10150    -1.56033     1.00000
     10200    -1.56013     1.00000
     10250    -1.56063     1.00000
     10300    -1.56043     1.00000
     10350    -1.56093     1.00000
     10400    -1.56072     1.00000
     10450    -1.56122     1.00000
     10500    -1.56101     1.00000
     10550    -1.56150     1.00000
     10600    -1.56129     1.00000
     10650    -1.56177     1.00000
     10700    -1.56156     1.00000
     10750    -1.56204     1.00000
     10800    -1.56182     1.00000
     10850    -1.56230     1.00000
     10900    -1.56208     1.00000
     10950    -1.56255     1.00000
     11000    -1.56233     1.00000
     11050    -1.56280     1.00000
     11100    -1.56257     1.00000
     11150    -1.56304     1.00000
     11200    -1.56281     1.00000
     11250    -1.56328     1.00000
     11300    -1.56304     1.00000
     11350    -1.56351     1.00000
     11400    -1.56327     1.00000
     11450    -1.56373     1.00000
     11500    -1.56349     1.00000
     11550    -1.56395     1.00000
     11600    -1.56371     1.00000
     11650    -1.56416     1.00000
     11700    -1.56392     1.00000
     11750    -1.56437     1.00000
     11800    -1.56412     1.00000
     11850    -1.56457     1.00000
     11900    -1.56432     1.00000
     11950    -1.56477     1.00000
     12000    -1.56452     1.00000
     12050    -1.56496     1.00000
     12100    -1.56471     1.00000
     12150    -1.56515     1.00000
     12200    -1.56489     1.00000
     12250    -1.56533     1.00000
     12300    -1.56508     1.00000
     12350    -1.56551     1.00000
     12400    -1.56525     1.00000
     12450    -1.56568     1.00000
     12500    -1.56543     1.00000
     12550    -1.56585     1.00000
     12600    -1.56560     1.00000
     12650    -1.56602     1.00000
     12700    -1.56577     1.00000
     12750    -1.56619     1.00000
     12800    -1.56593     1.00000
     12850    -1.56635     1.00000
     12900    -1.56609     1.00000
     12950    -1.56650     1.00000
     13000    -1.56624     1.00000
     13050    -1.56666     1.00000
     13100    -1.56640     1.00000
     13150    -1.56681     1.00000
     13200    -1.56655     1.00000
     13250    -1.56696     1.00000
     13300    -1.56669     1.00000
     13350    -1.56710     1.00000
     13400    -1.56684     1.00000
     13450    -1.56724     1.00000
     13500    -1.56698     1.00000
     13550    -1.56738     1.00000
     13600    -1.56712     1.00000
     13650    -1.56752     1.00000
     13700    -1.56725     1.00000
     13750    -1.56765     1.00000
     13800    -1.56739     1.00000
     13850    -1.56779     1.00000
     13900    -1.56752     1.00000
     13950    -1.56792     1.00000
     14000    -1.56765     1.00000
     14050    -1.56804     1.00000
     14100    -1.56778     1.00000
     14150    -1.56817     1.00000
     14200    -1.56790     1.00000
     14250    -1.56829     1.00000
     14300    -1.56803     1.00000
     14350    -1.56841     1.00000
     14400    -1.56815     1.00000
     14450    -1.56853     1.00000
     14500    -1.56827     1.00000
     14550    -1.56865     1.00000
     14600    -1.56838     1.00000
     14650    -1.56877     1.00000
     14700    -1.56850     1.00000
     14750    -1.56888     1.00000
     14800    -1.56862     1.00000
     14850    -1.56900     1.00000
     14900    -1.56873     1.00000
     14950    -1.56911     1.00000
     15000    -1.56884     1.00000
     15050    -1.56922     1.00000
     15100    -1.56895     1.00000
     15150    -1.56933     1.00000
     15200    -1.56906     1.00000
     15250    -1.56944     1.00000
     15300    -1.56917     1.00000
     15350    -1.56954     1.00000
     15400    -1.56928     1.00000
     15450    -1.56965     1.00000
     15500    -1.56938     1.00000
     15550    -1.56975     1.00000
     15600    -1.56949     1.00000
     15650    -1.56986     1.00000
     15700    -1.56959     1.00000
     15750    -1.56996     1.00000
     15800    -1.56969     1.00000
     15850    -1.57006     1.00000
     15900    -1.56980     1.00000
     15950    -1.57016     1.00000
     16000    -1.56990     1.00000
     16050    -1.57026     1.00000
     16100    -1.57000     1.00000
     16150    -1.57036     1.00000
     16200    -1.57010     1.00000
     16250    -1.57046     1.00000
     16300    -1.57020     1.00000
     16350    -1.57056     1.00000
     16400    -1.57030     1.00000
     16450    -1.57066     1.00000
     16500    -1.57039     1.00000
     16550    -1.57075     1.00000
     16600    -1.57049     1.00000
     16650    -1.57085     1.00000
     16700    -1.57059     1.00000
     16750    -1.57094     1.00000
     16800    -1.57068     1.00000
     16850    -1.57104     1.00000
     16900    -1.57078     1.00000
     16950    -1.57113     1.00000
     17000    -1.57087     1.00000
     17050    -1.57123     1.00000
     17100    -1.57097     1.00000
     17150    -1.57132     1.00000
     17200    -1.57106     1.00000
     17250    -1.57142     1.00000
     17300    -1.57116     1.00000
     17350    -1.57151     1.00000
     17400    -1.57125     1.00000
     17450    -1.57160     1.00000
     17500    -1.57134     1.00000
     17550    -1.57169     1.00000
     17600    -1.57144     1.00000
     17650    -1.57179     1.00000
     17700    -1.57153     1.00000
     17750    -1.57188     1.00000
     17800    -1.57162     1.00000
     17850    -1.57197     1.00000
     17900    -1.57171     1.00000
     17950    -1.57206     1.00000
     18000    -1.57180     1.00000
     18050    -1.57215     1.00000
     18100    -1.57190     1.00000
     18150    -1.57224     1.00000
     18200    -1.57199     1.00000
     18250    -1.57233     1.00000
     18300    -1.57208     1.00000
     18350    -1.57242     1.00000
     18400    -1.57217     1.00000
     18450    -1.57252     1.00000
     18500    -1.57226     1.00000
     18550    -1.57261     1.00000
     18600    -1.57235     1.00000
     18650    -1.57270     1.00000
     18700    -1.57244     1.00000
     18750    -1.57279     1.00000
     18800    -1.57253     1.00000
     18850    -1.57288     1.00000
     18900    -1.57262     1.00000
     18950    -1.57297     1.00000
     19000    -1.57272     1.00000
     19050    -1.57306     1.00000
     19100    -1.57281     1.00000
     19150    -1.57315     1.00000
     19200    -1.57290     1.00000
     19250    -1.57324     1.00000
     19300    -1.57299     1.00000
     19350    -1.57333     1.00000
     19400    -1.57308     1.00000
     19450    -1.57342     1.00000
     19500    -1.57317     1.00000
     19550    -1.57351     1.00000
     19600    -1.57326     1.00000
     19650    -1.57360     1.00000
     19700    -1.57335     1.00000
     19750    -1.57369     1.00000
     19800    -1.57344     1.00000
     19850    -1.57378     1.00000
     19900    -1.57353     1.00000
     19950    -1.57387     1.00000
     20000    -1.57362     1.00000
     20050    -1.57396     1.00000
     20100    -1.57371     1.00000
     20150    -1.57405     1.00000
     20200    -1.57380     1.00000
     20250    -1.57414     1.00000
     20300    -1.57389     1.00000
     20350    -1.57423     1.00000
     20400    -1.57398     1.00000
     20450    -1.57432     1.00000
     20500    -1.57408     1.00000
     20550    -1.57441     1.00000
     20600    -1.57417     1.00000
     20650    -1.57450     1.00000
     20700    -1.57426     1.00000
     20750    -1.57459     1.00000
     20800    -1.57435     1.00000
     20850    -1.57468     1.00000
     20900    -1.57444     1.00000
     20950    -1.57478     1.00000
     21000    -1.57453     1.00000
     21050    -1.57487     1.00000
     21100    -1.57462     1.00000
     21150    -1.57496     1.00000
     21200    -1.57472     1.00000
     21250    -1.57505     1.00000
     21300    -1.57481     1.00000
     21350    -1.57514     1.00000
     21400    -1.57490     1.00000
     21450    -1.57524     1.00000
     21500    -1.57499     1.00000
     21550    -1.57533     1.00000
     21600    -1.57509     1.00000
     21650    -1.57542     1.00000
     21700    -1.57518     1.00000
     21750    -1.57551     1.00000
     21800    -1.57527     1.00000
     21850    -1.57561     1.00000
     21900    -1.57536     1.00000
     21950    -1.57570     1.00000
     22000    -1.57546     1.00000
     22050    -1.57579     1.00000
     22100    -1.57555     1.00000
     22150    -1.57589     1.00000
     22200    -1.57565     1.00000
     22250    -1.57598     1.00000
     22300    -1.57574     1.00000
     22350    -1.57607     1.00000
     22400    -1.57583     1.00000
     22450    -1.57617     1.00000
     22500    -1.57593     1.00000
     22550    -1.57626     1.00000
     22600    -1.57602     1.00000
     22650    -1.57636     1.00000
     22700    -1.57612     1.00000
     22750    -1.57645     1.00000
     22800    -1.57621     1.00000
     22850    -1.57655     1.00000
     22900    -1.57631     1.00000
     22950    -1.57664     1.00000
     23000    -1.57640     1.00000
     23050    -1.57674     1.00000
     23100    -1.57650     1.00000
     23150    -1.57683     1.00000
     23200    -1.57659     1.00000
     23250    -1.57693     1.00000
     23300    -1.57669     1.00000
     23350    -1.57703     1.00000
     23400    -1.57679     1.00000
     23450    -1.57712     1.00000
     23500    -1.57688     1.00000
     23550    -1.57722     1.00000
     23600    -1.57698     1.00000
     23650    -1.57732     1.00000
     23700    -1.57708     1.00000
     23750    -1.57741     1.00000
     23800    -1.57717     1.00000
     23850    -1.57751     1.00000
     23900    -1.57727     1.00000
     23950    -1.57761     1.00000
     24000    -1.57737     1.00000
     24050    -1.57771     1.00000
     24100    -1.57747     1.00000
     24150    -1.57780     1.00000
     24200    -1.57757     1.00000
     24250    -1.57790     1.00000
     24300    -1.57766     1.00000
     24350    -1.57800     1.00000
     24400    -1.57776     1.00000
     24450    -1.57810     1.00000
     24500    -1.57786     1.00000
     24550    -1.57820     1.00000
     24600    -1.57796     1.00000
     24650    -1.57830     1.00000
     24700    -1.57806     1.00000
     24750    -1.57840     1.00000
     24800    -1.57816     1.00000
     24850    -1.57850     1.00000
     24900    -1.57826     1.00000
     24950    -1.57860     1.00000
     25000    -1.57836     1.00000
     25050    -1.57870     1.00000
     25100    -1.57846     1.00000
     25150    -1.57880     1.00000
     25200    -1.57856     1.00000
     25250    -1.57890     1.00000
     25300    -1.57866     1.00000
     25350    -1.57900     1.00000
     25400    -1.57876     1.00000
     25450    -1.57910     1.00000
     25500    -1.57887     1.00000
     25550    -1.57920     1.00000
     25600    -1.57897     1.00000
     25650    -1.57931     1.00000
     25700    -1.57907     1.00000
     25750    -1.57941     1.00000
     25800    -1.57917     1.00000
     25850    -1.57951     1.00000
     25900    -1.57928     1.00000
     25950    -1.57961     1.00000
     26000    -1.57938     1.00000
     26050    -1.57972     1.00000
     26100    -1.57948     1.00000
     26150    -1.57982     1.00000
     26200    -1.57959     1.00000
     26250    -1.57992     1.00000
     26300    -1.57969     1.00000
     26350    -1.58003     1.00000
     26400    -1.57979     1.00000
     26450    -1.58013     1.00000
     26500    -1.57990     1.00000
     26550    -1.58024     1.00000
     26600    -1.58000     1.00000
     26650    -1.58034     1.00000
     26700    -1.58011     1.00000
     26750    -1.58045     1.00000
     26800    -1.58021     1.00000
     26850    -1.58055     1.00000
     26900    -1.58032     1.00000
     26950    -1.58066     1.00000
     27000    -1.58043     1.00000
     27050    -1.58076     1.00000
     27100    -1.58053     1.00000
     27150    -1.58087     1.00000
     27200    -1.58064     1.00000
     27250    -1.58098     1.00000
     27300    -1.58075     1.00000
     27350    -1.58109     1.00000
     27400    -1.58085     1.00000
     27450    -1.58119     1.00000
     27500    -1.58096     1.00000
     27550    -1.58130     1.00000
     27600    -1.58107     1.00000
     27650    -1.58141     1.00000
     27700    -1.58118     1.00000
     27750    -1.58152     1.00000
     27800    -1.58129     1.00000
     27850    -1.58163     1.00000
     27900    -1.58140     1.00000
     27950    -1.58174     1.00000
     28000    -1.58150     1.00000
     28050    -1.58184     1.00000
     28100    -1.58161     1.00000
     28150    -1.58195     1.00000
     28200    -1.58172     1.00000
     28250    -1.58206     1.00000
     28300    -1.58184     1.00000
     28350    -1.58218     1.00000
     28400    -1.58195     1.00000
     28450    -1.58229     1.00000
     28500    -1.58206     1.00000
     28550    -1.58240     1.00000
     28600    -1.58217     1.00000
     28650    -1.58251     1.00000
     28700    -1.58228     1.00000
     28750    -1.58262     1.00000
     28800    -1.58239     1.00000
     28850    -1.58273     1.00000
     28900    -1.58251     1.00000
     28950    -1.58285     1.00000
     29000    -1.58262     1.00000
     29050    -1.58296     1.00000
     29100    -1.58273     1.00000
     29150    -1.58307     1.00000
     29200    -1.58285     1.00000
     29250    -1.58318     1.00000
     29300    -1.58296     1.00000
     29350    -1.58330     1.00000
     29400    -1.58307     1.00000
     29450    -1.58341     1.00000
     29500    -1.58319     1.00000
     29550    -1.58353     1.00000
     29600    -1.58330     1.00000
     29650    -1.58364     1.00000
     29700    -1.58342     1.00000
     29750    -1.58375     1.00000
     29800    -1.58353     1.00000
     29850    -1.58387     1.00000
     29900    -1.58365     1.00000
     29950    -1.58398     1.00000
     30000    -1.58376     1.00000
     30050    -1.58410     1.00000
     30100    -1.58388     1.00000
     30150    -1.58421     1.00000
     30200    -1.58399     1.00000
     30250    -1.58433     1.00000
     30300    -1.58411     1.00000
     30350    -1.58445     1.00000
     30400    -1.58422     1.00000
     30450    -1.58456     1.00000
     30500    -1.58434     1.00000
     30550    -1.58468     1.00000
     30600    -1.58446     1.00000
     30650    -1.58479     1.00000
     30700    -1.58457     1.00000
     30750    -1.58491     1.00000
     30800    -1.58469     1.00000
     30850    -1.58502     1.00000
     30900    -1.58480     1.00000
     30950    -1.58514     1.00000
     31000    -1.58492     1.00000
     31050    -1.58525     1.00000
     31100    -1.58503     1.00000
     31150    -1.58537     1.00000
     31200    -1.58515     1.00000
     31250    -1.58548     1.00000
     31300    -1.58526     1.00000
     31350    -1.58559     1.00000
     31400    -1.58538     1.00000
     31450    -1.58571     1.00000
     31500    -1.58549     1.00000
     31550    -1.58582     1.00000
     31600    -1.58560     1.00000
     31650    -1.58593     1.00000
     31700    -1.58572     1.00000
     31750    -1.58605     1.00000
     31800    -1.58583     1.00000
     31850    -1.58616     1.00000
     31900    -1.58594     1.00000
     31950    -1.58627     1.00000
     32000    -1.58605     1.00000
     32050    -1.58638     1.00000
     32100    -1.58616     1.00000
     32150    -1.58649     1.00000
     32200    -1.58627     1.00000
     32250    -1.58660     1.00000
     32300    -1.58638     1.00000
     32350    -1.58671     1.00000
     32400    -1.58649     1.00000
     32450    -1.58682     1.00000
     32500    -1.58660     1.00000
     32550    -1.58692     1.00000
     32600    -1.58670     1.00000
     32650    -1.58703     1.00000
     32700    -1.58681     1.00000
     32750    -1.58713     1.00000
     32800    -1.58692     1.00000
     32850    -1.58724     1.00000
     32900    -1.58702     1.00000
     32950    -1.58734     1.00000
     33000    -1.58712     1.00000
     33050    -1.58744     1.00000
     33100    -1.58722     1.00000
     33150    -1.58754     1.00000
     33200    -1.58732     1.00000
     33250    -1.58764     1.00000
     33300    -1.58742     1.00000
     33350    -1.58774     1.00000
     33400    -1.58752     1.00000
     33450    -1.58784     1.00000
     33500    -1.58762     1.00000
     33550    -1.58793     1.00000
     33600    -1.58771     1.00000
     33650    -1.58803     1.00000
     33700    -1.58781     1.00000
     33750    -1.58812     1.00000
     33800    -1.58790     1.00000
     33850    -1.58821     1.00000
     33900    -1.58799     1.00000
     33950    -1.58830     1.00000
     34000    -1.58808     1.00000
     34050    -1.58839     1.00000
     34100    -1.58817     1.00000
     34150    -1.58848     1.00000
     34200    -1.58826     1.00000
     34250    -1.58857     1.00000
     34300    -1.58834     1.00000
     34350    -1.58865     1.00000
     34400    -1.58843     1.00000
     34450    -1.58874     1.00000
     34500    -1.58851     1.00000
     34550    -1.58882     1.00000
     34600    -1.58859     1.00000
     34650    -1.58890     1.00000
     34700    -1.58867     1.00000
     34750    -1.58898     1.00000
     34800    -1.58875     1.00000
     34850    -1.58906     1.00000
     34900    -1.58883     1.00000
     34950    -1.58913     1.00000
     35000    -1.58890     1.00000
     35050    -1.58921     1.00000
     35100    -1.58898     1.00000
     35150    -1.58928     1.00000
     35200    -1.58905     1.00000
     35250    -1.58936     1.00000
     35300    -1.58912     1.00000
     35350    -1.58943     1.00000
     35400    -1.58920     1.00000
     35450    -1.58950     1.00000
     35500    -1.58926     1.00000
     35550    -1.58956     1.00000
     35600    -1.58933     1.00000
     35650    -1.58963     1.00000
     35700    -1.58940     1.00000
     35750    -1.58970     1.00000
     35800    -1.58947     1.00000
     35850    -1.58976     1.00000
     35900    -1.58953     1.00000
     35950    -1.58983     1.00000
     36000    -1.58959     1.00000
     36050    -1.58989     1.00000
     36100    -1.58965     1.00000
     36150    -1.58995     1.00000
     36200    -1.58972     1.00000
     36250    -1.59001     1.00000
     36300    -1.58977     1.00000
     36350    -1.59007     1.00000
     36400    -1.58983     1.00000
     36450    -1.59013     1.00000
     36500    -1.58989     1.00000
     36550    -1.59019     1.00000
     36600    -1.58995     1.00000
     36650    -1.59024     1.00000
     36700    -1.59000     1.00000
     36750    -1.59030     1.00000
     36800    -1.59006     1.00000
     36850    -1.59035     1.00000
     36900    -1.59011     1.00000
     36950    -1.59040     1.00000
     37000    -1.59016     1.00000
     37050    -1.59046     1.00000
     37100    -1.59022     1.00000
     37150    -1.59051     1.00000
     37200    -1.59027     1.00000
     37250    -1.59056     1.00000
     37300    -1.59032     1.00000
     37350    -1.59061     1.00000
     37400    -1.59037     1.00000
     37450    -1.59066     1.00000
     37500    -1.59042     1.00000
     37550    -1.59071     1.00000
     37600    -1.59047     1.00000
     37650    -1.59076     1.00000
     37700    -1.59052     1.00000
     37750    -1.59081     1.00000
     37800    -1.59056     1.00000
     37850    -1.59085     1.00000
     37900    -1.59061     1.00000
     37950    -1.59090     1.00000
     38000    -1.59066     1.00000
     38050    -1.59095     1.00000
     38100    -1.59071     1.00000
     38150    -1.59100     1.00000
     38200    -1.59075     1.00000
     38250    -1.59104     1.00000
     38300    -1.59080     1.00000
     38350    -1.59109     1.00000
     38400    -1.59085     1.00000
     38450    -1.59114     1.00000
     38500    -1.59090     1.00000
     38550    -1.59119     1.00000
     38600    -1.59094     1.00000
     38650    -1.59123     1.00000
     38700    -1.59099     1.00000
     38750    -1.59128     1.00000
     38800    -1.59104     1.00000
     38850    -1.59133     1.00000
     38900    -1.59109     1.00000
     38950    -1.59138     1.00000
     39000    -1.59114     1.00000
     39050    -1.59143     1.00000
     39100    -1.59118     1.00000
     39150    -1.59147     1.00000
     39200    -1.59123     1.00000
     39250    -1.59152     1.00000
     39300    -1.59128     1.00000
     39350    -1.59158     1.00000
     39400    -1.59134     1.00000
     39450    -1.59163     1.00000
     39500    -1.59139     1.00000
     39550    -1.59168     1.00000
     39600    -1.59144     1.00000
     39650    -1.59173     1.00000
     39700    -1.59149     1.00000
     39750    -1.59178     1.00000
     39800    -1.59155     1.00000
     39850    -1.59184     1.00000
     39900    -1.59160     1.00000
     39950    -1.59189     1.00000
     40000    -1.59166     1.00000
     40050    -1.59195     1.00000
     40100    -1.59171     1.00000
     40150    -1.59201     1.00000
     40200    -1.59177     1.00000
     40250    -1.59206     1.00000
     40300    -1.59183     1.00000
     40350    -1.59212     1.00000
     40400    -1.59189     1.00000
     40450    -1.59218     1.00000
     40500    -1.59195     1.00000
     40550    -1.59224     1.00000
     40600    -1.59201     1.00000
     40650    -1.59230     1.00000
     40700    -1.59207     1.00000
     40750    -1.59237     1.00000
     40800    -1.59214     1.00000
     40850    -1.59243     1.00000
     40900    -1.59220     1.00000
     40950    -1.59249     1.00000
     41000    -1.59227     1.00000
     41050    -1.59256     1.00000
     41100    -1.59233     1.00000
     41150    -1.59263     1.00000
     41200    -1.59240     1.00000
     41250    -1.59269     1.00000
     41300    -1.59247     1.00000
     41350    -1.59276     1.00000
     41400    -1.59254     1.00000
     41450    -1.59283     1.00000
     41500    -1.59261     1.00000
     41550    -1.59290     1.00000
     41600    -1.59268     1.00000
     41650    -1.59297     1.00000
     41700    -1.59275     1.00000
     41750    -1.59304     1.00000
     41800    -1.59282     1.00000
     41850    -1.59312     1.00000
     41900    -1.59290     1.00000
     41950    -1.59319     1.00000
     42000    -1.59297     1.00000
     42050    -1.59326     1.00000
     42100    -1.59304     1.00000
     42150    -1.59334     1.00000
     42200    -1.59312     1.00000
     42250    -1.59341     1.00000
     42300    -1.59320     1.00000
     42350    -1.59349     1.00000
     42400    -1.59327     1.00000
     42450    -1.59357     1.00000
     42500    -1.59335     1.00000
     42550    -1.59364     1.00000
     42600    -1.59343     1.00000
     42650    -1.59372     1.00000
     42700    -1.59351     1.00000
     42750    -1.59380     1.00000
     42800    -1.59359     1.00000
     42850    -1.59388     1.00000
     42900    -1.59367     1.00000
     42950    -1.59396     1.00000
     43000    -1.59375     1.00000
     43050    -1.59404     1.00000
     43100    -1.59383     1.00000
     43150    -1.59412     1.00000
     43200    -1.59392     1.00000
     43250    -1.59421     1.00000
     43300    -1.59400     1.00000
     43350    -1.59429     1.00000
     43400    -1.59408     1.00000
     43450    -1.59437     1.00000
     43500    -1.59417     1.00000
     43550    -1.59446     1.00000
     43600    -1.59425     1.00000
     43650    -1.59454     1.00000
     43700    -1.59434     1.00000
     43750    -1.59463     1.00000
     43800    -1.59443     1.00000
     43850    -1.59471     1.00000
     43900    -1.59451     1.00000
     43950    -1.59480     1.00000
     44000    -1.59460     1.00000
     44050    -1.59489     1.00000
     44100    -1.59469     1.00000
     44150    -1.59498     1.00000
     44200    -1.59478     1.00000
     44250    -1.59506     1.00000
     44300    -1.59487     1.00000
     44350    -1.59515     1.00000
     44400    -1.59496     1.00000
     44450    -1.59524     1.00000
     44500    -1.59505     1.00000
     44550    -1.59533     1.00000
     44600    -1.59514     1.00000
     44650    -1.59542     1.00000
     44700    -1.59523     1.00000
     44750    -1.59552     1.00000
     44800    -1.59532     1.00000
     44850    -1.59561     1.00000
     44900    -1.59542     1.00000
     44950    -1.59570     1.00000
     45000    -1.59551     1.00000
     45050    -1.59579     1.00000
     45100    -1.59560     1.00000
     45150    -1.59589     1.00000
     45200    -1.59570     1.00000
     45250    -1.59598     1.00000
     45300    -1.59580     1.00000
     45350    -1.59608     1.00000
     45400    -1.59589     1.00000
     45450    -1.59617     1.00000
     45500    -1.59599     1.00000
     45550    -1.59627     1.00000
     45600    -1.59609     1.00000
     45650    -1.59637     1.00000
     45700    -1.59618     1.00000
     45750    -1.59646     1.00000
     45800    -1.59628     1.00000
     45850    -1.59656     1.00000
     45900    -1.59638     1.00000
     45950    -1.59666     1.00000
     46000    -1.59648     1.00000
     46050    -1.59676     1.00000
     46100    -1.59658     1.00000
     46150    -1.59686     1.00000
     46200    -1.59668     1.00000
     46250    -1.59696     1.00000
     46300    -1.59679     1.00000
     46350    -1.59706     1.00000
     46400    -1.59689     1.00000
     46450    -1.59716     1.00000
     46500    -1.59699     1.00000
     46550    -1.59727     1.00000
     46600    -1.59710     1.00000
     46650    -1.59737     1.00000
     46700    -1.59720     1.00000
     46750    -1.59747     1.00000
     46800    -1.59731     1.00000
     46850    -1.59758     1.00000
     46900    -1.59741     1.00000
     46950    -1.59768     1.00000
     47000    -1.59752     1.00000
     47050    -1.59779     1.00000
     47100    -1.59763     1.00000
     47150    -1.59790     1.00000
     47200    -1.59774     1.00000
     47250    -1.59800     1.00000
     47300    -1.59785     1.00000
     47350    -1.59811     1.00000
     47400    -1.59795     1.00000
     47450    -1.59822     1.00000
     47500    -1.59807     1.00000
     47550    -1.59833     1.00000
     47600    -1.59818     1.00000
     47650    -1.59844     1.00000
     47700    -1.59829     1.00000
     47750    -1.59855     1.00000
     47800    -1.59840     1.00000
     47850    -1.59866     1.00000
     47900    -1.59851     1.00000
     47950    -1.59878     1.00000
     48000    -1.59863     1.00000
     48050    -1.59889     1.00000
     48100    -1.59874     1.00000
     48150    -1.59900     1.00000
     48200    -1.59886     1.00000
     48250    -1.59912     1.00000
     48300    -1.59897     1.00000
     48350    -1.59923     1.00000
     48400    -1.59909     1.00000
     48450    -1.59935     1.00000
     48500    -1.59921     1.00000
     48550    -1.59947     1.00000
     48600    -1.59933     1.00000
     48650    -1.59958     1.00000
     48700    -1.59945     1.00000
     48750    -1.59970     1.00000
     48800    -1.59957     1.00000
     48850    -1.59982     1.00000
     48900    -1.59969     1.00000
     48950    -1.59994     1.00000
     49000    -1.59981     1.00000
     49050    -1.60006     1.00000
     49100    -1.59993     1.00000
     49150    -1.60018     1.00000
     49200    -1.60006     1.00000
     49250    -1.60031     1.00000
     49300    -1.60018     1.00000
     49350    -1.60043     1.00000
     49400    -1.60031     1.00000
     49450    -1.60056     1.00000
     49500    -1.60043     1.00000
     49550    -1.60068     1.00000
     49600    -1.60056     1.00000
     49650    -1.60081     1.00000
     49700    -1.60069     1.00000
     49750    -1.60093     1.00000
     49800    -1.60082     1.00000
     49850    -1.60106     1.00000
     49900    -1.60094     1.00000
     49950    -1.60119     1.00000
     50000    -1.60107     1.00000
     50050    -1.60132     1.00000
     50100    -1.60121     1.00000
     50150    -1.60145     1.00000
     50200    -1.60134     1.00000
     50250    -1.60158     1.00000
     50300    -1.60147     1.00000
     50350    -1.60171     1.00000
     50400    -1.60160     1.00000
     50450    -1.60185     1.00000
     50500    -1.60174     1.00000
     50550    -1.60198     1.00000
     50600    -1.60188     1.00000
     50650    -1.60212     1.00000
     50700    -1.60201     1.00000
     50750    -1.60225     1.00000
     50800    -1.60215     1.00000
     50850    -1.60239     1.00000
     50900    -1.60229     1.00000
     50950    -1.60253     1.00000
     51000    -1.60243     1.00000
     51050    -1.60267     1.00000
     51100    -1.60257     1.00000
     51150    -1.60281     1.00000
     51200    -1.60271     1.00000
     51250    -1.60295     1.00000
     51300    -1.60285     1.00000
     51350    -1.60309     1.00000
     51400    -1.60299     1.00000
     51450    -1.60323     1.00000
     51500    -1.60314     1.00000
     51550    -1.60338     1.00000
     51600    -1.60328     1.00000
     51650    -1.60352     1.00000
     51700    -1.60343     1.00000
     51750    -1.60367     1.00000
     51800    -1.60358     1.00000
     51850    -1.60382     1.00000
     51900    -1.60372     1.00000
     51950    -1.60396     1.00000
     52000    -1.60387     1.00000
     52050    -1.60411     1.00000
     52100    -1.60402     1.00000
     52150    -1.60426     1.00000
     52200    -1.60417     1.00000
     52250    -1.60442     1.00000
     52300    -1.60433     1.00000
     52350    -1.60457     1.00000
     52400    -1.60448     1.00000
     52450    -1.60472     1.00000
     52500    -1.60463     1.00000
     52550    -1.60488     1.00000
     52600    -1.60479     1.00000
     52650    -1.60503     1.00000
     52700    -1.60495     1.00000
     52750    -1.60519     1.00000
     52800    -1.60510     1.00000
     52850    -1.60535     1.00000
     52900    -1.60526     1.00000
     52950    -1.60551     1.00000
     53000    -1.60542     1.00000
     53050    -1.60567     1.00000
     53100    -1.60558     1.00000
     53150    -1.60583     1.00000
     53200    -1.60574     1.00000
     53250    -1.60599     1.00000
     53300    -1.60591     1.00000
     53350    -1.60616     1.00000
     53400    -1.60607     1.00000
     53450    -1.60633     1.00000
     53500    -1.60623     1.00000
     53550    -1.60649     1.00000
     53600    -1.60640     1.00000
     53650    -1.60666     1.00000
     53700    -1.60657     1.00000
     53750    -1.60683     1.00000
     53800    -1.60673     1.00000
     53850    -1.60700     1.00000
     53900    -1.60690     1.00000
     53950    -1.60718     1.00000
     54000    -1.60707     1.00000
     54050    -1.60735     1.00000
     54100    -1.60724     1.00000
     54150    -1.60753     1.00000
     54200    -1.60742     1.00000
     54250    -1.60770     1.00000
     54300    -1.60759     1.00000
     54350    -1.60788     1.00000
     54400    -1.60776     1.00000
     54450    -1.60807     1.00000
     54500    -1.60794     1.00000
     54550    -1.60825     1.00000
     54600    -1.60812     1.00000
     54650    -1.60843     1.00000
     54700    -1.60829     1.00000
     54750    -1.60862     1.00000
     54800    -1.60847     1.00000
     54850    -1.60881     1.00000
     54900    -1.60865     1.00000
     54950    -1.60900     1.00000
     55000    -1.60883     1.00000
     55050    -1.60920     1.00000
     55100    -1.60902     1.00000
     55150    -1.60939     1.00000
     55200    -1.60920     1.00000
     55250    -1.60959     1.00000
     55300    -1.60938     1.00000
     55350    -1.60979     1.00000
     55400    -1.60957     1.00000
     55450    -1.61000     1.00000
     55500    -1.60976     1.00000
     55550    -1.61021     1.00000
     55600    -1.60994     1.00000
     55650    -1.61042     1.00000
     55700    -1.61013     1.00000
     55750    -1.61064     1.00000
     55800    -1.61032     1.00000
     55850    -1.61086     1.00000
     55900    -1.61051     1.00000
     55950    -1.61108     1.00000
     56000    -1.61070     1.00000
     56050    -1.61131     1.00000
     56100    -1.61090     1.00000
     56150    -1.61154     1.00000
     56200    -1.61109     1.00000
     56250    -1.61178     1.00000
     56300    -1.61128     1.00000
     56350    -1.61202     1.00000
     56400    -1.61148     1.00000
     56450    -1.61227     1.00000
     56500    -1.61167     1.00000
     56550    -1.61252     1.00000
     56600    -1.61187     1.00000
     56650    -1.61278     1.00000
     56700    -1.61207     1.00000
     56750    -1.61305     1.00000
     56800    -1.61227     1.00000
     56850    -1.61333     1.00000
     56900    -1.61246     1.00000
     56950    -1.61361     1.00000
     57000    -1.61266     1.00000
     57050    -1.61390     1.00000
     57100    -1.61286     1.00000
     57150    -1.61420     1.00000
     57200    -1.61306     1.00000
     57250    -1.61451     1.00000
     57300    -1.61326     1.00000
     57350    -1.61483     1.00000
     57400    -1.61347     1.00000
     57450    -1.61516     1.00000
     57500    -1.61367     1.00000
     57550    -1.61551     1.00000
     57600    -1.61387     1.00000
     57650    -1.61586     1.00000
     57700    -1.61407     1.00000
     57750    -1.61623     1.00000
     57800    -1.61427     1.00000
     57850    -1.61662     1.00000
     57900    -1.61447     1.00000
     57950    -1.61702     1.00000
     58000    -1.61467     1.00000
     58050    -1.61744     1.00000
     58100    -1.61487     1.00000
     58150    -1.61788     1.00000
     58200    -1.61507     1.00000
     58250    -1.61833     1.00000
     58300    -1.61527     1.00000
     58350    -1.61880     1.00000
     58400    -1.61547     1.00000
     58450    -1.61928     1.00000
     58500    -1.61567     1.00000
     58550    -1.61978     1.00000
     58600    -1.61587     1.00000
     58650    -1.62029     1.00000
     58700    -1.61606     1.00000
     58750    -1.62082     1.00000
     58800    -1.61625     1.00000
     58850    -1.62135     1.00000
     58900    -1.61644     1.00000
     58950    -1.62188     1.00000
     59000    -1.61662     1.00000
     59050    -1.62243     1.00000
     59100    -1.61681     1.00000
     59150    -1.62298     1.00000
     59200    -1.61699     1.00000
     59250    -1.62346     1.00000
     59300    -1.61716     1.00000
     59350    -1.62362     1.00000
     59400    -1.61733     1.00000
     59450    -1.62296     1.00000
     59500    -1.61750     1.00000
     59550    -1.62091     1.00000
     59600    -1.61766     1.00000
     59650    -1.61729     1.00000
     59700    -1.61782     1.00000
     59750    -1.61247     1.00000
     59800    -1.61797     1.00000
     59850    -1.60673     1.00000
     59900    -1.61813     1.00000
     59950    -1.59992     1.00000
     60000    -1.61829     1.00000
     60050    -1.59202     1.00000
     60100    -1.61846     1.00000
     60150    -1.58359     1.00000
     60200    -1.61865     1.00000
     60250    -1.57547     1.00000
     60300    -1.61889     1.00000
     60350    -1.56825     1.00000
     60400    -1.61919     1.00000
     60450    -1.56217     1.00000
     60500    -1.61961     1.00000
     60550    -1.55726     1.00000
     60600    -1.62022     1.00000
     60650    -1.55341     1.00000
     60700    -1.62115     1.00000
     60750    -1.55050     1.00000
     60800    -1.62262     1.00000
     60850    -1.54839     1.00000
     60900    -1.62496     1.00000
     60950    -1.54697     1.00000
     61000    -1.62863     1.00000
     61050    -1.54612     1.00000
     61100    -1.63377     1.00000
     61150    -1.54574     1.00000
     61200    -1.63937     1.00000
     61250    -1.54570     1.00000
     61300    -1.64330     1.00000
     61350    -1.54591     1.00000
     61400    -1.64423     1.00000
     61450    -1.54620     1.00000
     61500    -1.64289     1.00000
     61550    -1.54642     1.00000
     61600    -1.64017     1.00000
     61650    -1.54658     1.00000
     61700    -1.63756     1.00000
     61750    -1.54658     1.00000
     61800    -1.63282     1.00000
     61850    -1.54682     1.00000
     61900    -1.63730     1.00000
     61950    -1.54581     1.00000
     62000    -1.59241     1.00000
     62050    -1.56202     1.00000
     62100    -1.62794     1.00000
     62150    -1.54228     1.00000
     62200    -1.58231     1.00000
     62250    -1.58460     1.00000
     62300    -1.58525     1.00000
     62350    -1.58532     1.00000
     62400    -1.58483     1.00000
     62450    -1.58470     1.00000
     62500    -1.58415     1.00000
     62550    -1.58423     1.00000
     62600    -1.58379     1.00000
     62650    -1.58406     1.00000
     62700    -1.58374     1.00000
     62750    -1.58415     1.00000
     62800    -1.58393     1.00000
     62850    -1.58444     1.00000
     62900    -1.58429     1.00000
     62950    -1.58487     1.00000
     63000    -1.58477     1.00000
     63050    -1.58540     1.00000
     63100    -1.58534     1.00000
     63150    -1.58601     1.00000
     63200    -1.58597     1.00000
     63250    -1.58665     1.00000
     63300    -1.58663     1.00000
     63350    -1.58731     1.00000
     63400    -1.58729     1.00000
     63450    -1.58797     1.00000
     63500    -1.58794     1.00000
     63550    -1.58860     1.00000
     63600    -1.58855     1.00000
     63650    -1.58920     1.00000
     63700    -1.58913     1.00000
     63750    -1.58976     1.00000
     63800    -1.58966     1.00000
     63850    -1.59026     1.00000
     63900    -1.59013     1.00000
     63950    -1.59071     1.00000
     64000    -1.59055     1.00000
     64050    -1.59110     1.00000
     64100    -1.59092     1.00000
     64150    -1.59145     1.00000
     64200    -1.59124     1.00000
     64250    -1.59175     1.00000
     64300    -1.59152     1.00000
     64350    -1.59201     1.00000
     64400    -1.59176     1.00000
     64450    -1.59224     1.00000
     64500    -1.59198     1.00000
     64550    -1.59244     1.00000
     64600    -1.59216     1.00000
     64650    -1.59262     1.00000
     64700    -1.59233     1.00000
     64750    -1.59278     1.00000
     64800    -1.59248     1.00000
     64850    -1.59292     1.00000
     64900    -1.59261     1.00000
     64950    -1.59304     1.00000
     65000    -1.59273     1.00000
     65050    -1.59316     1.00000
     65100    -1.59284     1.00000
     65150    -1.59326     1.00000
     65200    -1.59293     1.00000
     65250    -1.59336     1.00000
     65300    -1.59302     1.00000
     65350    -1.59344     1.00000
     65400    -1.59311     1.00000
     65450    -1.59352     1.00000
     65500    -1.59319     1.00000
     65550    -1.59360     1.00000
     65600    -1.59326     1.00000
     65650    -1.59367     1.00000
     65700    -1.59333     1.00000
     65750    -1.59374     1.00000
     65800    -1.59339     1.00000
     65850    -1.59380     1.00000
     65900    -1.59345     1.00000
     65950    -1.59386     1.00000
     66000    -1.59351     1.00000
     66050    -1.59392     1.00000
     66100    -1.59356     1.00000
     66150    -1.59397     1.00000
     66200    -1.59362     1.00000
     66250    -1.59402     1.00000
     66300    -1.59367     1.00000
     66350    -1.59407     1.00000
     66400    -1.59372     1.00000
     66450    -1.59412     1.00000
     66500    -1.59376     1.00000
     66550    -1.59416     1.00000
     66600    -1.59381     1.00000
     66650    -1.59421     1.00000
     66700    -1.59385     1.00000
     66750    -1.59425     1.00000
     66800    -1.59389     1.00000
     66850    -1.59429     1.00000
     66900    -1.59393     1.00000
     66950    -1.59433     1.00000
     67000    -1.59397     1.00000
     67050    -1.59437     1.00000
     67100    -1.59401     1.00000
     67150    -1.59440     1.00000
     67200    -1.59405     1.00000
     67250    -1.59444     1.00000
     67300    -1.59408     1.00000
     67350    -1.59448     1.00000
     67400    -1.59412     1.00000
     67450    -1.59451     1.00000
     67500    -1.59415     1.00000
     67550    -1.59455     1.00000
     67600    -1.59418     1.00000
     67650    -1.59458     1.00000
     67700    -1.59422     1.00000
     67750    -1.59461     1.00000
     67800    -1.59425     1.00000
     67850    -1.59464     1.00000
     67900    -1.59428     1.00000
     67950    -1.59467     1.00000
     68000    -1.59431     1.00000
     68050    -1.59470     1.00000
     68100    -1.59434     1.00000
     68150    -1.59473     1.00000
     68200    -1.59437     1.00000
     68250    -1.59476     1.00000
     68300    -1.59440     1.00000
     68350    -1.59479     1.00000
     68400    -1.59443     1.00000
     68450    -1.59482     1.00000
     68500    -1.59446     1.00000
     68550    -1.59485     1.00000
     68600    -1.59448     1.00000
     68650    -1.59488     1.00000
     68700    -1.59451     1.00000
     68750    -1.59491     1.00000
     68800    -1.59454     1.00000
     68850    -1.59493     1.00000
     68900    -1.59457     1.00000
     68950    -1.59496     1.00000
     69000    -1.59459     1.00000
     69050    -1.59499     1.00000
     69100    -1.59462     1.00000
     69150    -1.59501     1.00000
     69200    -1.59464     1.00000
     69250    -1.59504     1.00000
     69300    -1.59467     1.00000
     69350    -1.59506     1.00000
     69400    -1.59469     1.00000
     69450    -1.59509     1.00000
     69500    -1.59472     1.00000
     69550    -1.59511     1.00000
     69600    -1.59474     1.00000
     69650    -1.59514     1.00000
     69700    -1.59477     1.00000
     69750    -1.59516     1.00000
     69800    -1.59479     1.00000
     69850    -1.59519     1.00000
     69900    -1.59482     1.00000
     69950    -1.59521     1.00000
     70000    -1.59484     1.00000
     70050    -1.59524     1.00000
     70100    -1.59486     1.00000
     70150    -1.59526     1.00000
     70200    -1.59489     1.00000
     70250    -1.59528     1.00000
     70300    -1.59491     1.00000
     70350    -1.59531     1.00000
     70400    -1.59493     1.00000
     70450    -1.59533     1.00000
     70500    -1.59495     1.00000
     70550    -1.59535     1.00000
     70600    -1.59498     1.00000
     70650    -1.59537     1.00000
     70700    -1.59500     1.00000
     70750    -1.59540     1.00000
     70800    -1.59502     1.00000
     70850    -1.59542     1.00000
     70900    -1.59504     1.00000
     70950    -1.59544     1.00000
     71000    -1.59506     1.00000
     71050    -1.59546     1.00000
     71100    -1.59509     1.00000
     71150    -1.59549     1.00000
     71200    -1.59511     1.00000
     71250    -1.59551     1.00000
     71300    -1.59513     1.00000
     71350    -1.59553     1.00000
     71400    -1.59515     1.00000
     71450    -1.59555     1.00000
     71500    -1.59517     1.00000
     71550    -1.59557     1.00000
     71600    -1.59519     1.00000
     71650    -1.59559     1.00000
     71700    -1.59521     1.00000
     71750    -1.59561     1.00000
     71800    -1.59523     1.00000
     71850    -1.59564     1.00000
     71900    -1.59526     1.00000
     71950    -1.59566     1.00000
     72000    -1.59528     1.00000
     72050    -1.59568     1.00000
     72100    -1.59530     1.00000
     72150    -1.59570     1.00000
     72200    -1.59532     1.00000
     72250    -1.59572     1.00000
     72300    -1.59534     1.00000
     72350    -1.59574     1.00000
     72400    -1.59536     1.00000
     72450    -1.59576     1.00000
     72500    -1.59538     1.00000
     72550    -1.59578     1.00000
     72600    -1.59540     1.00000
     72650    -1.59580     1.00000
     72700    -1.59542     1.00000
     72750    -1.59582     1.00000
     72800    -1.59544     1.00000
     72850    -1.59584     1.00000
     72900    -1.59546     1.00000
     72950    -1.59586     1.00000
     73000    -1.59548     1.00000
     73050    -1.59588     1.00000
     73100    -1.59550     1.00000
     73150    -1.59590     1.00000
     73200    -1.59552     1.00000
     73250    -1.59592     1.00000
     73300    -1.59553     1.00000
     73350    -1.59594     1.00000
     73400    -1.59555     1.00000
     73450    -1.59596     1.00000
     73500    -1.59557     1.00000
     73550    -1.59598     1.00000
     73600    -1.59559     1.00000
     73650    -1.59600     1.00000
     73700    -1.59561     1.00000
     73750    -1.59602     1.00000
     73800    -1.59563     1.00000
     73850    -1.59604     1.00000
     73900    -1.59565     1.00000
     73950    -1.59606     1.00000
     74000    -1.59567     1.00000
     74050    -1.59608     1.00000
     74100    -1.59569     1.00000
     74150    -1.59610     1.00000
     74200    -1.59571     1.00000
     74250    -1.59612     1.00000
     74300    -1.59573     1.00000
     74350    -1.59614     1.00000
     74400    -1.59574     1.00000
     74450    -1.59616     1.00000
     74500    -1.59576     1.00000
     74550    -1.59617     1.00000
     74600    -1.59578     1.00000
     74650    -1.59619     1.00000
     74700    -1.59580     1.00000
     74750    -1.59621     1.00000
     74800    -1.59582     1.00000
     74850    -1.59623     1.00000
     74900    -1.59584     1.00000
     74950    -1.59625     1.00000
     75000    -1.59586     1.00000
     75050    -1.59627     1.00000
     75100    -1.59587     1.00000
     75150    -1.59629     1.00000
     75200    -1.59589     1.00000
     75250    -1.59631     1.00000
     75300    -1.59591     1.00000
     75350    -1.59633     1.00000
     75400    -1.59593     1.00000
     75450    -1.59634     1.00000
     75500    -1.59595     1.00000
     75550    -1.59636     1.00000
     75600    -1.59596     1.00000
     75650    -1.59638     1.00000
     75700    -1.59598     1.00000
     75750    -1.59640     1.00000
     75800    -1.59600     1.00000
     75850    -1.59642     1.00000
     75900    -1.59602     1.00000
     75950    -1.59644     1.00000
     76000    -1.59604     1.00000
     76050    -1.59646     1.00000
     76100    -1.59605     1.00000
     76150    -1.59647     1.00000
     76200    -1.59607     1.00000
     76250    -1.59649     1.00000
     76300    -1.59609     1.00000
     76350    -1.59651     1.00000
     76400    -1.59611     1.00000
     76450    -1.59653     1.00000
     76500    -1.59613     1.00000
     76550    -1.59655     1.00000
     76600    -1.59614     1.00000
     76650    -1.59656     1.00000
     76700    -1.59616     1.00000
     76750    -1.59658     1.00000
     76800    -1.59618     1.00000
     76850    -1.59660     1.00000
     76900    -1.59620     1.00000
     76950    -1.59662     1.00000
     77000    -1.59621     1.00000
     77050    -1.59664     1.00000
     77100    -1.59623     1.00000
     77150    -1.59666     1.00000
     77200    -1.59625     1.00000
     77250    -1.59667     1.00000
     77300    -1.59627     1.00000
     77350    -1.59669     1.00000
     77400    -1.59628     1.00000
     77450    -1.59671     1.00000
     77500    -1.59630     1.00000
     77550    -1.59673     1.00000
     77600    -1.59632     1.00000
     77650    -1.59674     1.00000
     77700    -1.59634     1.00000
     77750    -1.59676     1.00000
     77800    -1.59635     1.00000
     77850    -1.59678     1.00000
     77900    -1.59637     1.00000
     77950    -1.59680     1.00000
     78000    -1.59639     1.00000
     78050    -1.59682     1.00000
     78100    -1.59640     1.00000
     78150    -1.59683     1.00000
     78200    -1.59642     1.00000
     78250    -1.59685     1.00000
     78300    -1.59644     1.00000
     78350    -1.59687     1.00000
     78400    -1.59646     1.00000
     78450    -1.59689     1.00000
     78500    -1.59647     1.00000
     78550    -1.59690     1.00000
     78600    -1.59649     1.00000
     78650    -1.59692     1.00000
     78700    -1.59651     1.00000
     78750    -1.59694     1.00000
     78800    -1.59652     1.00000
     78850    -1.59696     1.00000
     78900    -1.59654     1.00000
     78950    -1.59697     1.00000
     79000    -1.59656     1.00000
     79050    -1.59699     1.00000
     79100    -1.59657     1.00000
     79150    -1.59701     1.00000
     79200    -1.59659     1.00000
     79250    -1.59703     1.00000
     79300    -1.59661     1.00000
     79350    -1.59704     1.00000
     79400    -1.59662     1.00000
     79450    -1.59706     1.00000
     79500    -1.59664     1.00000
     79550    -1.59708     1.00000
     79600    -1.59666     1.00000
     79650    -1.59709     1.00000
     79700    -1.59667     1.00000
     79750    -1.59711     1.00000
     79800    -1.59669     1.00000
     79850    -1.59713     1.00000
     79900    -1.59671     1.00000
     79950    -1.59715     1.00000
     80000    -1.59672     1.00000
     80050    -1.59716     1.00000
     80100    -1.59674     1.00000
     80150    -1.59718     1.00000
     80200    -1.59676     1.00000
     80250    -1.59720     1.00000
     80300    -1.59677     1.00000
     80350    -1.59721     1.00000
     80400    -1.59679     1.00000
     80450    -1.59723     1.00000
     80500    -1.59681     1.00000
     80550    -1.59725     1.00000
     80600    -1.59682     1.00000
     80650    -1.59727     1.00000
     80700    -1.59684     1.00000
     80750    -1.59728     1.00000
     80800    -1.59686     1.00000
     80850    -1.59730     1.00000
     80900    -1.59687     1.00000
     80950    -1.59732     1.00000
     81000    -1.59689     1.00000
     81050    -1.59733     1.00000
     81100    -1.59690     1.00000
     81150    -1.59735     1.00000
     81200    -1.59692     1.00000
     81250    -1.59737     1.00000
     81300    -1.59694     1.00000
     81350    -1.59738     1.00000
     81400    -1.59695     1.00000
     81450    -1.59740     1.00000
     81500    -1.59697     1.00000
     81550    -1.59742     1.00000
     81600    -1.59698     1.00000
     81650    -1.59743     1.00000
     81700    -1.59700     1.00000
     81750    -1.59745     1.00000
     81800    -1.59702     1.00000
     81850    -1.59746     1.00000
     81900    -1.59703     1.00000
     81950    -1.59748     1.00000
     82000    -1.59705     1.00000
     82050    -1.59750     1.00000
     82100    -1.59706     1.00000
     82150    -1.59751     1.00000
     82200    -1.59708     1.00000
     82250    -1.59753     1.00000
     82300    -1.59709     1.00000
     82350    -1.59755     1.00000
     82400    -1.59711     1.00000
     82450    -1.59756     1.00000
     82500    -1.59713     1.00000
     82550    -1.59758     1.00000
     82600    -1.59714     1.00000
     82650    -1.59760     1.00000
     82700    -1.59716     1.00000
     82750    -1.59761     1.00000
     82800    -1.59717     1.00000
     82850    -1.59763     1.00000
     82900    -1.59719     1.00000
     82950    -1.59764     1.00000
     83000    -1.59720     1.00000
     83050    -1.59766     1.00000
     83100    -1.59722     1.00000
     83150    -1.59768     1.00000
     83200    -1.59723     1.00000
     83250    -1.59769     1.00000
     83300    -1.59725     1.00000
     83350    -1.59771     1.00000
     83400    -1.59726     1.00000
     83450    -1.59772     1.00000
     83500    -1.59728     1.00000
     83550    -1.59774     1.00000
     83600    -1.59729     1.00000
     83650    -1.59776     1.00000
     83700    -1.59731     1.00000
     83750    -1.59777     1.00000
     83800    -1.59732     1.00000
     83850    -1.59779     1.00000
     83900    -1.59734     1.00000
     83950    -1.59780     1.00000
     84000    -1.59735     1.00000
     84050    -1.59782     1.00000
     84100    -1.59737     1.00000
     84150    -1.59783     1.00000
     84200    -1.59738     1.00000
     84250    -1.59785     1.00000
     84300    -1.59740     1.00000
     84350    -1.59787     1.00000
     84400    -1.59741     1.00000
     84450    -1.59788     1.00000
     84500    -1.59743     1.00000
     84550    -1.59790     1.00000
     84600    -1.59744     1.00000
     84650    -1.59791     1.00000
     84700    -1.59746     1.00000
     84750    -1.59793     1.00000
     84800    -1.59747     1.00000
     84850    -1.59794     1.00000
     84900    -1.59749     1.00000
     84950    -1.59796     1.00000
     85000    -1.59750     1.00000
     85050    -1.59797     1.00000
     85100    -1.59752     1.00000
     85150    -1.59799     1.00000
     85200    -1.59753     1.00000
     85250    -1.59800     1.00000
     85300    -1.59755     1.00000
     85350    -1.59802     1.00000
     85400    -1.59756     1.00000
     85450    -1.59803     1.00000
     85500    -1.59757     1.00000
     85550    -1.59805     1.00000
     85600    -1.59759     1.00000
     85650    -1.59806     1.00000
     85700    -1.59760     1.00000
     85750    -1.59808     1.00000
     85800    -1.59762     1.00000
     85850    -1.59809     1.00000
     85900    -1.59763     1.00000
     85950    -1.59811     1.00000
     86000    -1.59765     1.00000
     86050    -1.59812     1.00000
     86100    -1.59766     1.00000
     86150    -1.59814     1.00000
     86200    -1.59767     1.00000
     86250    -1.59815     1.00000
     86300    -1.59769     1.00000
     86350    -1.59817     1.00000
     86400    -1.59770     1.00000
     86450    -1.59818     1.00000
     86500    -1.59772     1.00000
     86550    -1.59820     1.00000
     86600    -1.59773     1.00000
     86650    -1.59821     1.00000
     86700    -1.59774     1.00000
     86750    -1.59823     1.00000
     86800    -1.59776     1.00000
     86850    -1.59824     1.00000
     86900    -1.59777     1.00000
     86950    -1.59826     1.00000
     87000    -1.59778     1.00000
     87050    -1.59827     1.00000
     87100    -1.59780     1.00000
     87150    -1.59829     1.00000
     87200    -1.59781     1.00000
     87250    -1.59830     1.00000
     87300    -1.59783     1.00000
     87350    -1.59832     1.00000
     87400    -1.59784     1.00000
     87450    -1.59833     1.00000
     87500    -1.59785     1.00000
     87550    -1.59834     1.00000
     87600    -1.59787     1.00000
     87650    -1.59836     1.00000
     87700    -1.59788     1.00000
     87750    -1.59837     1.00000
     87800    -1.59789     1.00000
     87850    -1.59839     1.00000
     87900    -1.59791     1.00000
     87950    -1.59840     1.00000
     88000    -1.59792     1.00000
     88050    -1.59842     1.00000
     88100    -1.59793     1.00000
     88150    -1.59843     1.00000
     88200    -1.59795     1.00000
     88250    -1.59844     1.00000
     88300    -1.59796     1.00000
     88350    -1.59846     1.00000
     88400    -1.59797     1.00000
     88450    -1.59847     1.00000
     88500    -1.59799     1.00000
     88550    -1.59849     1.00000
     88600    -1.59800     1.00000
     88650    -1.59850     1.00000
     88700    -1.59801     1.00000
     88750    -1.59851     1.00000
     88800    -1.59803     1.00000
     88850    -1.59853     1.00000
     88900    -1.59804     1.00000
     88950    -1.59854     1.00000
     89000    -1.59805     1.00000
     89050    -1.59856     1.00000
     89100    -1.59806     1.00000
     89150    -1.59857     1.00000
     89200    -1.59808     1.00000
     89250    -1.59858     1.00000
     89300    -1.59809     1.00000
     89350    -1.59860     1.00000
     89400    -1.59810     1.00000
     89450    -1.59861     1.00000
     89500    -1.59812     1.00000
     89550    -1.59862     1.00000
     89600    -1.59813     1.00000
     89650    -1.59864     1.00000
     89700    -1.59814     1.00000
     89750    -1.59865     1.00000
     89800    -1.59815     1.00000
     89850    -1.59867     1.00000
     89900    -1.59817     1.00000
     89950    -1.59868     1.00000
     90000    -1.59818     1.00000
     90050    -1.59869     1.00000
     90100    -1.59819     1.00000
     90150    -1.59871     1.00000
     90200    -1.59820     1.00000
     90250    -1.59872     1.00000
     90300    -1.59822     1.00000
     90350    -1.59873     1.00000
     90400    -1.59823     1.00000
     90450    -1.59875     1.00000
     90500    -1.59824     1.00000
     90550    -1.59876     1.00000
     90600    -1.59825     1.00000
     90650    -1.59877     1.00000
     90700    -1.59826     1.00000
     90750    -1.59879     1.00000
     90800    -1.59828     1.00000
     90850    -1.59880     1.00000
     90900    -1.59829     1.00000
     90950    -1.59881     1.00000
     91000    -1.59830     1.00000
     91050    -1.59883     1.00000
     91100    -1.59831     1.00000
     91150    -1.59884     1.00000
     91200    -1.59833     1.00000
     91250    -1.59885     1.00000
     91300    -1.59834     1.00000
     91350    -1.59887     1.00000
     91400    -1.59835     1.00000
     91450    -1.59888     1.00000
     91500    -1.59836     1.00000
     91550    -1.59889     1.00000
     91600    -1.59837     1.00000
     91650    -1.59891     1.00000
     91700    -1.59838     1.00000
     91750    -1.59892     1.00000
     91800    -1.59840     1.00000
     91850    -1.59893     1.00000
     91900    -1.59841     1.00000
     91950    -1.59894     1.00000
     92000    -1.59842     1.00000
     92050    -1.59896     1.00000
     92100    -1.59843     1.00000
     92150    -1.59897     1.00000
     92200    -1.59844     1.00000
     92250    -1.59898     1.00000
     92300    -1.59845     1.00000
     92350    -1.59900     1.00000
     92400    -1.59847     1.00000
     92450    -1.59901     1.00000
     92500    -1.59848     1.00000
     92550    -1.59902     1.00000
     92600    -1.59849     1.00000
     92650    -1.59903     1.00000
     92700    -1.59850     1.00000
     92750    -1.59905     1.00000
     92800    -1.59851     1.00000
     92850    -1.59906     1.00000
     92900    -1.59852     1.00000
     92950    -1.59907     1.00000
     93000    -1.59853     1.00000
     93050    -1.59909     1.00000
     93100    -1.59855     1.00000
     93150    -1.59910     1.00000
     93200    -1.59856     1.00000
     93250    -1.59911     1.00000
     93300    -1.59857     1.00000
     93350    -1.59912     1.00000
     93400    -1.59858     1.00000
     93450    -1.59914     1.00000
     93500    -1.59859     1.00000
     93550    -1.59915     1.00000
     93600    -1.59860     1.00000
     93650    -1.59916     1.00000
     93700    -1.59861     1.00000
     93750    -1.59917     1.00000
     93800    -1.59862     1.00000
     93850    -1.59919     1.00000
     93900    -1.59863     1.00000
     93950    -1.59920     1.00000
     94000    -1.59865     1.00000
     94050    -1.59921     1.00000
     94100    -1.59866     1.00000
     94150    -1.59922     1.00000
     94200    -1.59867     1.00000
     94250    -1.59923     1.00000
     94300    -1.59868     1.00000
     94350    -1.59925     1.00000
     94400    -1.59869     1.00000
     94450    -1.59926     1.00000
     94500    -1.59870     1.00000
     94550    -1.59927     1.00000
     94600    -1.59871     1.00000
     94650    -1.59928     1.00000
     94700    -1.59872     1.00000
     94750    -1.59930     1.00000
     94800    -1.59873     1.00000
     94850    -1.59931     1.00000
     94900    -1.59874     1.00000
     94950    -1.59932     1.00000
     95000    -1.59875     1.00000
     95050    -1.59933     1.00000
     95100    -1.59876     1.00000
     95150    -1.59934     1.00000
     95200    -1.59877     1.00000
     95250    -1.59936     1.00000
     95300    -1.59878     1.00000
     95350    -1.59937     1.00000
     95400    -1.59879     1.00000
     95450    -1.59938     1.00000
     95500    -1.59880     1.00000
     95550    -1.59939     1.00000
     95600    -1.59881     1.00000
     95650    -1.59940     1.00000
     95700    -1.59882     1.00000
     95750    -1.59942     1.00000
     95800    -1.59883     1.00000
     95850    -1.59943     1.00000
     95900    -1.59884     1.00000
     95950    -1.59944     1.00000
     96000    -1.59885     1.00000
     96050    -1.59945     1.00000
     96100    -1.59886     1.00000
     96150    -1.59946     1.00000
     96200    -1.59887     1.00000
     96250    -1.59948     1.00000
     96300    -1.59888     1.00000
     96350    -1.59949     1.00000
     96400    -1.59889     1.00000
     96450    -1.59950     1.00000
     96500    -1.59890     1.00000
     96550    -1.59951     1.00000
     96600    -1.59891     1.00000
     96650    -1.59952     1.00000
     96700    -1.59892     1.00000
     96750    -1.59954     1.00000
     96800    -1.59893     1.00000
     96850    -1.59955     1.00000
     96900    -1.59894     1.00000
     96950    -1.59956     1.00000
     97000    -1.59895     1.00000
     97050    -1.59958     1.00000
     97100    -1.59897     1.00000
     97150    -1.59959     1.00000
     97200    -1.59898     1.00000
     97250    -1.59960     1.00000
     97300    -1.59899     1.00000
     97350    -1.59962     1.00000
     97400    -1.59900     1.00000
     97450    -1.59963     1.00000
     97500    -1.59902     1.00000
     97550    -1.59965     1.00000
     97600    -1.59903     1.00000
     97650    -1.59967     1.00000
     97700    -1.59904     1.00000
     97750    -1.59968     1.00000
     97800    -1.59906     1.00000
     97850    -1.59970     1.00000
     97900    -1.59908     1.00000
     97950    -1.59973     1.00000
     98000    -1.59910     1.00000
     98050    -1.59975     1.00000
     98100    -1.59912     1.00000
     98150    -1.59978     1.00000
     98200    -1.59915     1.00000
     98250    -1.59981     1.00000
     98300    -1.59918     1.00000
     98350    -1.59984     1.00000
     98400    -1.59921     1.00000
     98450    -1.59988     1.00000
     98500    -1.59925     1.00000
     98550    -1.59992     1.00000
     98600    -1.59929     1.00000
     98650    -1.59997     1.00000
     98700    -1.59934     1.00000
     98750    -1.60002     1.00000
     98800    -1.59940     1.00000
     98850    -1.60009     1.00000
     98900    -1.59947     1.00000
     98950    -1.60016     1.00000
     99000    -1.59955     1.00000
     99050    -1.60025     1.00000
     99100    -1.59964     1.00000
     99150    -1.60035     1.00000
     99200    -1.59975     1.00000
     99250    -1.60047     1.00000
     99300    -1.59988     1.00000
     99350    -1.60061     1.00000
     99400    -1.60003     1.00000
     99450    -1.60077     1.00000
     99500    -1.60020     1.00000
     99550    -1.60095     1.00000
     99600    -1.60040     1.00000
     99650    -1.60117     1.00000
     99700    -1.60063     1.00000
     99750    -1.60141     1.00000
     99800    -1.60089     1.00000
     99850    -1.60168     1.00000
     99900    -1.60119     1.00000
     99950    -1.60199     1.00000
    100000    -1.60152     1.00000
