52
0.44018291696612
0.1510812817204
0.52442072669621
-0.16524890612916
0.55396084044536
0.49553252979424
-0.59352477570055
0.25460624395759
-0.77296500381134
0.64413753300841
-0.69762513912843
-0.68897545842328
0.49478090631277
0.31969343281752
0.35904937989742
0.44705564089805
0.55094245826385
0.98486623680748
0.2374702608148
0.17842503465896
0.39251753820527
0.98756050271915
0.16205124954669
0.80419186876783
0.37205190848061
2.0921682649026
1.6887489678905
1.8913116861673
1.2839683575394
1.2958293042155
-0.70180418435548
0.50358303090343
-0.8434334054569
0.74569008792836
0.089599145239461
-0.1352631930441
206.84440557438
-16.271153119979
113.14676025579
13.676825152886
82.68620756623
14.481192412946
56.589595615954
19.819902243374
173.93902595994
-68.23067982538
146.29329497422
-50.84681733221
-84.265253759932
-62.284914150682
43.662169254103
-83.60674538487

	
-1e+20
-1e+20
-1e+20
-1e+20
-1e+20
-1e+20
-1e+20
-1e+20
-1e+20
-1e+20
-1e+20
-1e+20
-1e+20
-1e+20
0.00299765
0.0044139283962728
-1e+20
-1e+20
-1e+20
-1e+20
-1e+20
-1e+20
-1e+20
-1e+20
-1e+20
-1e+20
-1e+20
-1e+20
-1e+20
-1e+20
0.00292502
0.11613351877608
-1e+20
-1e+20
-1e+20
-1e+20
-1e+20
-1e+20
-1e+20
-1e+20
-1e+20
-1e+20
-1e+20
-1e+20
-1e+20
-1e+20
0.00297596
0.050341827221877

