b	i	j	k	px	py	pz	nVx	nVy	nVz	velx	vely	velz	rho	p	u	v	w	mp	fx	fy	fz
0	1	4	1	-8.596955e-02	-1.967990e-02	-1.349501e-01	-9.584375e-06	-2.515773e-05	-1.630872e-05	0.000000e+00	0.000000e+00	0.000000e+00	9.982000e+02	4.069356e+04	3.711668e+00	-4.624384e+00	4.952256e+00	-9.639961e-05	-3.910837e-04	-1.025158e-03	-6.653344e-04	
0	1	4	2	-9.618830e-02	-1.963634e-02	-1.290844e-01	-2.796744e-05	-7.442829e-05	-4.837584e-05	0.000000e+00	0.000000e+00	0.000000e+00	9.982000e+02	4.520886e+04	2.882339e+00	-4.327351e+00	4.991453e+00	-1.646239e-04	-1.267131e-03	-3.370173e-03	-2.191783e-03	
0	1	4	3	-1.115272e-01	-1.959391e-02	-1.202935e-01	-2.909016e-05	-7.760771e-05	-5.044876e-05	0.000000e+00	0.000000e+00	0.000000e+00	9.982000e+02	4.538352e+04	2.246611e+00	-4.215140e+00	5.188891e+00	-5.176026e-04	-1.323756e-03	-3.526285e-03	-2.296357e-03	
0	1	4	4	-1.270012e-01	-1.955842e-02	-1.114225e-01	-2.966335e-05	-7.920137e-05	-5.140900e-05	0.000000e+00	0.000000e+00	0.000000e+00	9.982000e+02	4.512531e+04	1.985454e+00	-4.250890e+00	5.403357e+00	-1.106140e-03	-1.343169e-03	-3.575756e-03	-2.329995e-03	
0	1	4	5	-1.424957e-01	-1.953269e-02	-1.025206e-01	-3.030766e-05	-8.088218e-05	-5.251287e-05	0.000000e+00	0.000000e+00	0.000000e+00	9.982000e+02	4.434460e+04	1.922993e+00	-4.274987e+00	5.474635e+00	-1.692813e-03	-1.349106e-03	-3.584579e-03	-2.341176e-03	
0	1	4	6	-1.579846e-01	-1.951908e-02	-9.360351e-02	-3.063481e-05	-8.170977e-05	-5.309574e-05	0.000000e+00	0.000000e+00	0.000000e+00	9.982000e+02	4.407928e+04	2.076528e+00	-4.352157e+00	5.499494e+00	-1.716697e-03	-1.344964e-03	-3.570517e-03	-2.334343e-03	
0	1	4	7	-1.731671e-01	-1.950626e-02	-8.486277e-02	-2.984077e-05	-7.955497e-05	-5.171279e-05	0.000000e+00	0.000000e+00	0.000000e+00	9.982000e+02	4.164705e+04	2.618076e+00	-4.507073e+00	5.422926e+00	-5.206948e-04	-1.236557e-03	-3.290725e-03	-2.143375e-03	
0	1	4	8	-1.831573e-01	-1.949276e-02	-7.912052e-02	-1.018696e-05	-2.720994e-05	-1.767577e-05	0.000000e+00	0.000000e+00	0.000000e+00	9.982000e+02	4.318936e+04	3.077655e+00	-4.468410e+00	5.104911e+00	4.427262e-04	-4.391606e-04	-1.178620e-03	-7.621146e-04	
0	2	4	1	-8.861520e-02	-1.654400e-02	-1.383215e-01	-9.461228e-06	-2.586068e-05	-1.620355e-05	0.000000e+00	0.000000e+00	0.000000e+00	9.982000e+02	3.962700e+04	3.672778e+00	-4.611983e+00	5.216142e+00	-1.247211e-04	-3.760546e-04	-1.026054e-03	-6.439068e-04	
0	2	4	2	-9.881337e-02	-1.644711e-02	-1.325634e-01	-2.778685e-05	-7.663492e-05	-4.804433e-05	0.000000e+00	0.000000e+00	0.000000e+00	9.982000e+02	4.442159e+04	2.885675e+00	-4.317726e+00	5.218197e+00	-1.755791e-05	-1.236612e-03	-3.410307e-03	-2.138145e-03	
0	2	4	3	-1.141555e-01	-1.633415e-02	-1.238874e-01	-2.892345e-05	-8.013182e-05	-5.019974e-05	0.000000e+00	0.000000e+00	0.000000e+00	9.982000e+02	4.445141e+04	2.355862e+00	-4.234837e+00	5.402530e+00	-6.195292e-04	-1.289465e-03	-3.565778e-03	-2.238820e-03	
0	2	4	4	-1.296264e-01	-1.624097e-02	-1.151161e-01	-2.930877e-05	-8.125073e-05	-5.079558e-05	0.000000e+00	0.000000e+00	0.000000e+00	9.982000e+02	4.452839e+04	2.175300e+00	-4.270100e+00	5.575157e+00	-1.193545e-03	-1.309549e-03	-3.618134e-03	-2.271763e-03	
0	2	4	5	-1.450661e-01	-1.616280e-02	-1.063291e-01	-2.980238e-05	-8.263402e-05	-5.161144e-05	0.000000e+00	0.000000e+00	0.000000e+00	9.982000e+02	4.361713e+04	2.167137e+00	-4.335033e+00	5.689346e+00	-1.273813e-03	-1.298358e-03	-3.586905e-03	-2.250953e-03	
0	2	4	6	-1.605155e-01	-1.610384e-02	-9.750453e-02	-3.020150e-05	-8.378825e-05	-5.232696e-05	0.000000e+00	0.000000e+00	0.000000e+00	9.982000e+02	4.301433e+04	2.285476e+00	-4.380683e+00	5.695438e+00	-1.462264e-03	-1.289277e-03	-3.561308e-03	-2.236349e-03	
0	2	4	7	-1.757246e-01	-1.605686e-02	-8.880259e-02	-2.952539e-05	-8.197294e-05	-5.116775e-05	0.000000e+00	0.000000e+00	0.000000e+00	9.982000e+02	4.058193e+04	2.815402e+00	-4.532234e+00	5.636260e+00	7.123501e-04	-1.198541e-03	-3.336330e-03	-2.076531e-03	
0	2	4	8	-1.857590e-01	-1.602703e-02	-8.306445e-02	-1.008681e-05	-2.807668e-05	-1.753121e-05	0.000000e+00	0.000000e+00	0.000000e+00	9.982000e+02	4.273765e+04	3.189494e+00	-4.470490e+00	5.324486e+00	2.592528e-04	-4.316640e-04	-1.205000e-03	-7.503076e-04	
0	3	4	1	-9.124101e-02	-1.340375e-02	-1.418916e-01	-9.422780e-06	-2.674436e-05	-1.617977e-05	0.000000e+00	0.000000e+00	0.000000e+00	9.982000e+02	3.891591e+04	3.618667e+00	-4.576137e+00	5.456685e+00	-1.626789e-04	-3.679464e-04	-1.041914e-03	-6.316742e-04	
0	3	4	2	-1.014279e-01	-1.326155e-02	-1.362258e-01	-2.759298e-05	-7.891265e-05	-4.772312e-05	0.000000e+00	0.000000e+00	0.000000e+00	9.982000e+02	4.381730e+04	2.872194e+00	-4.276217e+00	5.410275e+00	-1.664152e-04	-1.211709e-03	-3.463262e-03	-2.095771e-03	
0	3	4	3	-1.167615e-01	-1.308733e-02	-1.276639e-01	-2.873577e-05	-8.254232e-05	-4.987315e-05	0.000000e+00	0.000000e+00	0.000000e+00	9.982000e+02	4.353256e+04	2.423592e+00	-4.232971e+00	5.609339e+00	-4.420501e-04	-1.254269e-03	-3.597888e-03	-2.177502e-03	
0	3	4	4	-1.322473e-01	-1.294419e-02	-1.189729e-01	-2.911086e-05	-8.364737e-05	-5.046117e-05	0.000000e+00	0.000000e+00	0.000000e+00	9.982000e+02	4.363276e+04	2.256918e+00	-4.266152e+00	5.769814e+00	-9.823881e-04	-1.274152e-03	-3.650625e-03	-2.210462e-03	
0	3	4	5	-1.476791e-01	-1.282419e-02	-1.102651e-01	-2.941487e-05	-8.460509e-05	-5.093876e-05	0.000000e+00	0.000000e+00	0.000000e+00	9.982000e+02	4.267802e+04	2.275303e+00	-4.339450e+00	5.893582e+00	-1.130375e-03	-1.251743e-03	-3.588100e-03	-2.169904e-03	
0	3	4	6	-1.630942e-01	-1.272847e-02	-1.015255e-01	-2.974446e-05	-8.573824e-05	-5.154234e-05	0.000000e+00	0.000000e+00	0.000000e+00	9.982000e+02	4.218541e+04	2.420239e+00	-4.361943e+00	5.859194e+00	-1.225923e-03	-1.244132e-03	-3.572398e-03	-2.157942e-03	
0	3	4	7	-1.783070e-01	-1.265205e-02	-9.287498e-02	-2.917794e-05	-8.424719e-05	-5.057730e-05	0.000000e+00	0.000000e+00	0.000000e+00	9.982000e+02	3.975687e+04	2.933422e+00	-4.500231e+00	5.803802e+00	5.555325e-04	-1.159010e-03	-3.353665e-03	-2.008635e-03	
0	3	4	8	-1.883727e-01	-1.260585e-02	-8.714641e-02	-1.001121e-05	-2.892216e-05	-1.736999e-05	0.000000e+00	0.000000e+00	0.000000e+00	9.982000e+02	4.208071e+04	3.231008e+00	-4.408349e+00	5.477995e+00	1.190855e-04	-4.233600e-04	-1.224717e-03	-7.345689e-04	
0	4	4	1	-9.384398e-02	-1.026552e-02	-1.456703e-01	-9.359013e-06	-2.768827e-05	-1.608992e-05	0.000000e+00	0.000000e+00	0.000000e+00	9.982000e+02	3.884829e+04	3.530815e+00	-4.462205e+00	5.625000e+00	-2.201479e-04	-3.650149e-04	-1.076601e-03	-6.274317e-04	
0	4	4	2	-1.040378e-01	-1.008692e-02	-1.400784e-01	-2.735948e-05	-8.164595e-05	-4.735634e-05	0.000000e+00	0.000000e+00	0.000000e+00	9.982000e+02	4.338188e+04	2.851733e+00	-4.179030e+00	5.557416e+00	-2.408080e-04	-1.189734e-03	-3.547335e-03	-2.059452e-03	
0	4	4	3	-1.193684e-01	-9.861806e-03	-1.316172e-01	-2.840068e-05	-8.510086e-05	-4.923773e-05	0.000000e+00	0.000000e+00	0.000000e+00	9.982000e+02	4.269463e+04	2.495203e+00	-4.169688e+00	5.767500e+00	-2.680487e-04	-1.215413e-03	-3.638783e-03	-2.107525e-03	
0	4	4	4	-1.348566e-01	-9.676091e-03	-1.230038e-01	-2.875562e-05	-8.627159e-05	-4.984384e-05	0.000000e+00	0.000000e+00	0.000000e+00	9.982000e+02	4.276599e+04	2.365449e+00	-4.203960e+00	5.911710e+00	-8.108297e-04	-1.233099e-03	-3.690350e-03	-2.138876e-03	
0	4	4	5	-1.503062e-01	-9.522939e-03	-1.143539e-01	-2.897298e-05	-8.711641e-05	-5.019493e-05	0.000000e+00	0.000000e+00	0.000000e+00	9.982000e+02	4.179863e+04	2.396023e+00	-4.269335e+00	6.026689e+00	-9.625778e-04	-1.206818e-03	-3.617669e-03	-2.092595e-03	
0	4	4	6	-1.657163e-01	-9.399085e-03	-1.056766e-01	-2.916856e-05	-8.796057e-05	-5.056218e-05	0.000000e+00	0.000000e+00	0.000000e+00	9.982000e+02	4.136265e+04	2.545751e+00	-4.281360e+00	5.979468e+00	-6.156909e-04	-1.201719e-03	-3.616568e-03	-2.084094e-03	
0	4	4	7	-1.809217e-01	-9.298588e-03	-9.708063e-02	-2.864374e-05	-8.654569e-05	-4.966103e-05	0.000000e+00	0.000000e+00	0.000000e+00	9.982000e+02	3.910155e+04	3.025961e+00	-4.405369e+00	5.932033e+00	4.973498e-04	-1.117852e-03	-3.384266e-03	-1.937733e-03	
0	4	4	8	-1.909998e-01	-9.237673e-03	-9.137085e-02	-9.874210e-06	-2.980305e-05	-1.708455e-05	0.000000e+00	0.000000e+00	0.000000e+00	9.982000e+02	4.165571e+04	3.256160e+00	-4.294385e+00	5.609382e+00	2.024908e-04	-4.117282e-04	-1.245573e-03	-7.123891e-04	
0	5	4	1	-9.644018e-02	-7.145573e-03	-1.496575e-01	-9.253487e-06	-2.869744e-05	-1.591309e-05	0.000000e+00	0.000000e+00	0.000000e+00	9.982000e+02	3.916924e+04	3.436791e+00	-4.294907e+00	5.746877e+00	-2.625747e-04	-3.640084e-04	-1.124958e-03	-6.259370e-04	
0	5	4	2	-1.066444e-01	-6.938392e-03	-1.441324e-01	-2.699074e-05	-8.455541e-05	-4.678034e-05	0.000000e+00	0.000000e+00	0.000000e+00	9.982000e+02	4.322502e+04	2.837539e+00	-4.048188e+00	5.679926e+00	-2.632598e-04	-1.169527e-03	-3.660433e-03	-2.027225e-03	
0	5	4	3	-1.219883e-01	-6.674018e-03	-1.357560e-01	-2.796596e-05	-8.804660e-05	-4.844359e-05	0.000000e+00	0.000000e+00	0.000000e+00	9.982000e+02	4.244104e+04	2.549622e+00	-4.049965e+00	5.888973e+00	-1.015634e-04	-1.189304e-03	-3.743115e-03	-2.060303e-03	
0	5	4	4	-1.374782e-01	-6.455787e-03	-1.272129e-01	-2.819897e-05	-8.910976e-05	-4.886676e-05	0.000000e+00	0.000000e+00	0.000000e+00	9.982000e+02	4.239236e+04	2.452619e+00	-4.083566e+00	6.031181e+00	-7.072679e-04	-1.198564e-03	-3.779140e-03	-2.078285e-03	
0	5	4	5	-1.529383e-01	-6.277200e-03	-1.186166e-01	-2.840495e-05	-8.996799e-05	-4.921241e-05	0.000000e+00	0.000000e+00	0.000000e+00	9.982000e+02	4.142145e+04	2.493122e+00	-4.144603e+00	6.137976e+00	-8.869090e-04	-1.171520e-03	-3.699943e-03	-2.031315e-03	
0	5	4	6	-1.683653e-01	-6.132148e-03	-1.099816e-01	-2.851182e-05	-9.058749e-05	-4.944190e-05	0.000000e+00	0.000000e+00	0.000000e+00	9.982000e+02	4.093033e+04	2.646536e+00	-4.157932e+00	6.091981e+00	-3.897435e-04	-1.165543e-03	-3.698266e-03	-2.021743e-03	
0	5	4	7	-1.835733e-01	-6.012642e-03	-1.014291e-01	-2.795337e-05	-8.896705e-05	-4.845546e-05	0.000000e+00	0.000000e+00	0.000000e+00	9.982000e+02	3.889948e+04	3.096735e+00	-4.266324e+00	6.046749e+00	4.602032e-04	-1.084596e-03	-3.458432e-03	-1.879769e-03	
0	5	4	8	-1.936528e-01	-5.940632e-03	-9.574328e-02	-9.645458e-06	-3.068285e-05	-1.668139e-05	0.000000e+00	0.000000e+00	0.000000e+00	9.982000e+02	4.133803e+04	3.288377e+00	-4.152683e+00	5.736828e+00	1.729634e-04	-3.986068e-04	-1.270529e-03	-6.893679e-04	
0	6	4	1	-9.904953e-02	-4.061807e-03	-1.538601e-01	-9.085703e-06	-2.985563e-05	-1.566588e-05	0.000000e+00	0.000000e+00	0.000000e+00	9.982000e+02	3.980223e+04	3.339219e+00	-4.077525e+00	5.834204e+00	-3.020251e-04	-3.632923e-04	-1.189235e-03	-6.264239e-04	
0	6	4	2	-1.092640e-01	-3.834610e-03	-1.483941e-01	-2.648082e-05	-8.783824e-05	-4.590743e-05	0.000000e+00	0.000000e+00	0.000000e+00	9.982000e+02	4.332206e+04	2.822453e+00	-3.874307e+00	5.784933e+00	-2.903821e-04	-1.150093e-03	-3.811070e-03	-1.994073e-03	
0	6	4	3	-1.246259e-01	-3.542879e-03	-1.400898e-01	-2.735919e-05	-9.121549e-05	-4.740150e-05	0.000000e+00	0.000000e+00	0.000000e+00	9.982000e+02	4.237127e+04	2.598178e+00	-3.888912e+00	5.983881e+00	-1.836242e-04	-1.161812e-03	-3.871171e-03	-2.013184e-03	
0	6	4	4	-1.401304e-01	-3.302971e-03	-1.316055e-01	-2.748057e-05	-9.216932e-05	-4.763050e-05	0.000000e+00	0.000000e+00	0.000000e+00	9.982000e+02	4.229016e+04	2.536827e+00	-3.920520e+00	6.122928e+00	-6.252106e-04	-1.164725e-03	-3.898694e-03	-2.019831e-03	
0	6	4	5	-1.555963e-01	-3.107341e-03	-1.230589e-01	-2.761718e-05	-9.301414e-05	-4.783645e-05	0.000000e+00	0.000000e+00	0.000000e+00	9.982000e+02	4.142035e+04	2.582859e+00	-3.963476e+00	6.215511e+00	-8.333778e-04	-1.139782e-03	-3.828231e-03	-1.975706e-03	
0	6	4	6	-1.710362e-01	-2.946800e-03	-1.144600e-01	-2.772201e-05	-9.362501e-05	-4.804471e-05	0.000000e+00	0.000000e+00	0.000000e+00	9.982000e+02	4.082073e+04	2.742466e+00	-3.986793e+00	6.186671e+00	-1.050968e-04	-1.130963e-03	-3.818190e-03	-1.960213e-03	
0	6	4	7	-1.862580e-01	-2.813730e-03	-1.059366e-01	-2.710120e-05	-9.169669e-05	-4.696992e-05	0.000000e+00	0.000000e+00	0.000000e+00	9.982000e+02	3.888424e+04	3.155850e+00	-4.080043e+00	6.144340e+00	3.276640e-04	-1.049650e-03	-3.556318e-03	-1.818963e-03	
0	6	4	8	-1.963425e-01	-2.735006e-03	-1.002724e-01	-9.318534e-06	-3.162654e-05	-1.615777e-05	0.000000e+00	0.000000e+00	0.000000e+00	9.982000e+02	4.133212e+04	3.316365e+00	-3.968070e+00	5.854314e+00	7.885131e-05	-3.847896e-04	-1.307157e-03	-6.671966e-04	
0	7	4	1	-1.016911e-01	-1.035665e-03	-1.582915e-01	-8.861491e-06	-3.117605e-05	-1.531397e-05	0.000000e+00	0.000000e+00	0.000000e+00	9.982000e+02	4.086327e+04	3.244992e+00	-3.815835e+00	5.890516e+00	-3.295406e-04	-3.636917e-04	-1.274504e-03	-6.286064e-04	
0	7	4	2	-1.119186e-01	-7.974331e-04	-1.528722e-01	-2.579398e-05	-9.144408e-05	-4.470044e-05	0.000000e+00	0.000000e+00	0.000000e+00	9.982000e+02	4.371265e+04	2.812662e+00	-3.661293e+00	5.866919e+00	-3.068270e-04	-1.130421e-03	-4.003347e-03	-1.959301e-03	
0	7	4	3	-1.272954e-01	-4.905755e-04	-1.446263e-01	-2.655372e-05	-9.473646e-05	-4.599021e-05	0.000000e+00	0.000000e+00	0.000000e+00	9.982000e+02	4.250341e+04	2.646667e+00	-3.689207e+00	6.071369e+00	-3.074506e-04	-1.131474e-03	-4.032749e-03	-1.960135e-03	
0	7	4	4	-1.428181e-01	-2.395225e-04	-1.361883e-01	-2.658113e-05	-9.547995e-05	-4.610055e-05	0.000000e+00	0.000000e+00	0.000000e+00	9.982000e+02	4.233667e+04	2.612648e+00	-3.721993e+00	6.202279e+00	-5.960934e-04	-1.126470e-03	-4.038491e-03	-1.954674e-03	
0	7	4	5	-1.582988e-01	-3.516380e-05	-1.276823e-01	-2.663690e-05	-9.615166e-05	-4.615133e-05	0.000000e+00	0.000000e+00	0.000000e+00	9.982000e+02	4.159686e+04	2.667892e+00	-3.754736e+00	6.282804e+00	-8.300173e-04	-1.103268e-03	-3.971394e-03	-1.912919e-03	
0	7	4	6	-1.737471e-01	1.342827e-04	-1.191177e-01	-2.670206e-05	-9.679439e-05	-4.624264e-05	0.000000e+00	0.000000e+00	0.000000e+00	9.982000e+02	4.099521e+04	2.828066e+00	-3.772622e+00	6.263775e+00	-6.693378e-05	-1.093717e-03	-3.963766e-03	-1.894194e-03	
0	7	4	7	-1.889806e-01	2.745890e-04	-1.106185e-01	-2.605008e-05	-9.480460e-05	-4.514410e-05	0.000000e+00	0.000000e+00	0.000000e+00	9.982000e+02	3.915898e+04	3.207798e+00	-3.852725e+00	6.239855e+00	2.706235e-04	-1.015938e-03	-3.701529e-03	-1.760413e-03	
0	7	4	8	-1.990741e-01	3.567765e-04	-1.049693e-01	-8.939279e-06	-3.262462e-05	-1.551837e-05	0.000000e+00	0.000000e+00	0.000000e+00	9.982000e+02	4.138942e+04	3.333190e+00	-3.753730e+00	5.971485e+00	7.287767e-05	-3.688744e-04	-1.347399e-03	-6.403456e-04	
0	8	4	1	-1.043767e-01	1.908487e-03	-1.629573e-01	-8.585909e-06	-3.254639e-05	-1.485165e-05	0.000000e+00	0.000000e+00	0.000000e+00	9.982000e+02	4.179634e+04	3.169493e+00	-3.535993e+00	5.916571e+00	-2.708128e-04	-3.596010e-04	-1.358920e-03	-6.221448e-04	
0	8	4	2	-1.146249e-01	2.148826e-03	-1.575713e-01	-2.490942e-05	-9.529296e-05	-4.317863e-05	0.000000e+00	0.000000e+00	0.000000e+00	9.982000e+02	4.403664e+04	2.814096e+00	-3.421485e+00	5.927607e+00	-2.935557e-04	-1.099732e-03	-4.202944e-03	-1.906613e-03	
0	8	4	3	-1.300207e-01	2.458061e-03	-1.493715e-01	-2.551148e-05	-9.850132e-05	-4.418554e-05	0.000000e+00	0.000000e+00	0.000000e+00	9.982000e+02	4.293842e+04	2.689182e+00	-3.450669e+00	6.139802e+00	-3.986217e-04	-1.098471e-03	-4.235742e-03	-1.903129e-03	
0	8	4	4	-1.455555e-01	2.709904e-03	-1.409708e-01	-2.546292e-05	-9.917430e-05	-4.415528e-05	0.000000e+00	0.000000e+00	0.000000e+00	9.982000e+02	4.254334e+04	2.686087e+00	-3.484445e+00	6.277207e+00	-5.859850e-04	-1.083079e-03	-4.210261e-03	-1.879120e-03	
0	8	4	5	-1.610519e-01	2.915411e-03	-1.324921e-01	-2.546342e-05	-9.959470e-05	-4.410507e-05	0.000000e+00	0.000000e+00	0.000000e+00	9.982000e+02	4.187016e+04	2.747384e+00	-3.510532e+00	6.341054e+00	-8.725006e-04	-1.060313e-03	-4.134770e-03	-1.837953e-03	
0	8	4	6	-1.765134e-01	3.086392e-03	-1.239533e-01	-2.544012e-05	-9.999945e-05	-4.407150e-05	0.000000e+00	0.000000e+00	0.000000e+00	9.982000e+02	4.116661e+04	2.905666e+00	-3.528825e+00	6.329715e+00	-2.790091e-05	-1.045431e-03	-4.108942e-03	-1.811103e-03	
0	8	4	7	-1.917570e-01	3.227256e-03	-1.154769e-01	-2.477347e-05	-9.792637e-05	-4.294222e-05	0.000000e+00	0.000000e+00	0.000000e+00	9.982000e+02	3.949439e+04	3.252528e+00	-3.591766e+00	6.314348e+00	2.337508e-04	-9.738392e-04	-3.853311e-03	-1.687895e-03	
0	8	4	8	-2.018571e-01	3.309922e-03	-1.098376e-01	-8.506576e-06	-3.368737e-05	-1.473371e-05	0.000000e+00	0.000000e+00	0.000000e+00	9.982000e+02	4.143395e+04	3.364470e+00	-3.510048e+00	6.082934e+00	7.630206e-05	-3.508585e-04	-1.390741e-03	-6.076831e-04	
0	9	4	1	-1.071263e-01	4.742683e-03	-1.678667e-01	-8.221208e-06	-3.413249e-05	-1.422809e-05	0.000000e+00	0.000000e+00	0.000000e+00	9.982000e+02	4.303403e+04	3.128195e+00	-3.221908e+00	5.921684e+00	-2.027904e-04	-3.537722e-04	-1.465490e-03	-6.123613e-04	
0	9	4	2	-1.173989e-01	4.975781e-03	-1.625004e-01	-2.377778e-05	-9.964181e-05	-4.121807e-05	0.000000e+00	0.000000e+00	0.000000e+00	9.982000e+02	4.462513e+04	2.847212e+00	-3.149457e+00	5.971102e+00	-2.736730e-04	-1.063780e-03	-4.453685e-03	-1.844315e-03	
0	9	4	3	-1.328213e-01	5.275176e-03	-1.543276e-01	-2.422321e-05	-1.024996e-04	-4.196085e-05	0.000000e+00	0.000000e+00	0.000000e+00	9.982000e+02	4.343082e+04	2.728865e+00	-3.179342e+00	6.190999e+00	-5.386056e-04	-1.055403e-03	-4.457958e-03	-1.829019e-03	
0	9	4	4	-1.483664e-01	5.518067e-03	-1.459544e-01	-2.407700e-05	-1.028749e-04	-4.175564e-05	0.000000e+00	0.000000e+00	0.000000e+00	9.982000e+02	4.287278e+04	2.750554e+00	-3.217452e+00	6.340937e+00	-6.258452e-04	-1.030761e-03	-4.394811e-03	-1.788588e-03	
0	9	4	5	-1.638701e-01	5.716698e-03	-1.374983e-01	-2.402982e-05	-1.033671e-04	-4.160243e-05	0.000000e+00	0.000000e+00	0.000000e+00	9.982000e+02	4.228606e+04	2.829668e+00	-3.229669e+00	6.390134e+00	-9.204333e-04	-1.010298e-03	-4.331766e-03	-1.750497e-03	
0	9	4	6	-1.793446e-01	5.881782e-03	-1.289748e-01	-2.392963e-05	-1.036510e-04	-4.146005e-05	0.000000e+00	0.000000e+00	0.000000e+00	9.982000e+02	4.155534e+04	2.983386e+00	-3.245210e+00	6.391165e+00	-2.742479e-05	-9.915858e-04	-4.294607e-03	-1.718039e-03	
0	9	4	7	-1.945990e-01	6.017118e-03	-1.205119e-01	-2.324640e-05	-1.012217e-04	-4.029913e-05	0.000000e+00	0.000000e+00	0.000000e+00	9.982000e+02	4.002484e+04	3.294885e+00	-3.295980e+00	6.378065e+00	1.845303e-04	-9.251346e-04	-4.031570e-03	-1.603662e-03	
0	9	4	8	-2.047048e-01	6.096806e-03	-1.148809e-01	-7.978456e-06	-3.481976e-05	-1.381408e-05	0.000000e+00	0.000000e+00	0.000000e+00	9.982000e+02	4.162593e+04	3.401147e+00	-3.234547e+00	6.188633e+00	4.325592e-05	-3.307143e-04	-1.444093e-03	-5.725943e-04	
0	10	4	1	-1.099651e-01	7.433312e-03	-1.730272e-01	-7.754424e-06	-3.576115e-05	-1.342352e-05	0.000000e+00	0.000000e+00	0.000000e+00	9.982000e+02	4.412324e+04	3.095635e+00	-2.891918e+00	5.915992e+00	-1.940852e-04	-3.422751e-04	-1.575140e-03	-5.926136e-04	
0	10	4	2	-1.202592e-01	7.650377e-03	-1.676670e-01	-2.235892e-05	-1.041718e-04	-3.874341e-05	0.000000e+00	0.000000e+00	0.000000e+00	9.982000e+02	4.524182e+04	2.881022e+00	-2.852117e+00	6.006020e+00	-2.127156e-04	-1.013996e-03	-4.720813e-03	-1.757263e-03	
0	10	4	3	-1.357113e-01	7.928525e-03	-1.595013e-01	-2.265191e-05	-1.069109e-04	-3.924672e-05	0.000000e+00	0.000000e+00	0.000000e+00	9.982000e+02	4.401590e+04	2.787783e+00	-2.875726e+00	6.224666e+00	-5.474840e-04	-9.996171e-04	-4.709136e-03	-1.732703e-03	
0	10	4	4	-1.512737e-01	8.153251e-03	-1.511383e-01	-2.239733e-05	-1.069428e-04	-3.883968e-05	0.000000e+00	0.000000e+00	0.000000e+00	9.982000e+02	4.343403e+04	2.817516e+00	-2.908755e+00	6.384334e+00	-5.501999e-04	-9.715702e-04	-4.630050e-03	-1.685646e-03	
0	10	4	5	-1.667771e-01	8.336764e-03	-1.426974e-01	-2.225980e-05	-1.070017e-04	-3.853287e-05	0.000000e+00	0.000000e+00	0.000000e+00	9.982000e+02	4.279302e+04	2.898048e+00	-2.918923e+00	6.431388e+00	-9.362614e-04	-9.467708e-04	-4.535330e-03	-1.640245e-03	
0	10	4	6	-1.822535e-01	8.488843e-03	-1.341870e-01	-2.211995e-05	-1.072847e-04	-3.834543e-05	0.000000e+00	0.000000e+00	0.000000e+00	9.982000e+02	4.211676e+04	3.049191e+00	-2.928253e+00	6.433852e+00	-3.970175e-04	-9.271593e-04	-4.489823e-03	-1.607718e-03	
0	10	4	7	-1.975176e-01	8.614028e-03	-1.257307e-01	-2.146967e-05	-1.047755e-04	-3.719781e-05	0.000000e+00	0.000000e+00	0.000000e+00	9.982000e+02	4.066887e+04	3.337352e+00	-2.964621e+00	6.424245e+00	2.764631e-06	-8.681796e-04	-4.236900e-03	-1.504181e-03	
0	10	4	8	-2.076291e-01	8.687707e-03	-1.201033e-01	-7.346032e-06	-3.599250e-05	-1.273576e-05	0.000000e+00	0.000000e+00	0.000000e+00	9.982000e+02	4.192048e+04	3.438869e+00	-2.923581e+00	6.278772e+00	4.878584e-05	-3.062851e-04	-1.501635e-03	-5.309903e-04	
0	11	4	1	-1.129100e-01	9.941395e-03	-1.784408e-01	-7.159521e-06	-3.750879e-05	-1.240656e-05	0.000000e+00	0.000000e+00	0.000000e+00	9.982000e+02	4.510007e+04	3.083958e+00	-2.543740e+00	5.910822e+00	-1.626073e-04	-3.230701e-04	-1.689523e-03	-5.599324e-04	
0	11	4	2	-1.232262e-01	1.013430e-02	-1.730757e-01	-2.056885e-05	-1.090895e-04	-3.564168e-05	0.000000e+00	0.000000e+00	0.000000e+00	9.982000e+02	4.581610e+04	2.923362e+00	-2.522623e+00	6.033989e+00	-1.319964e-04	-9.444704e-04	-5.006736e-03	-1.636706e-03	
0	11	4	3	-1.387060e-01	1.038021e-02	-1.649010e-01	-2.071480e-05	-1.115821e-04	-3.590172e-05	0.000000e+00	0.000000e+00	0.000000e+00	9.982000e+02	4.459818e+04	2.845382e+00	-2.540265e+00	6.253367e+00	-5.274295e-04	-9.254644e-04	-4.975663e-03	-1.604661e-03	
0	11	4	4	-1.542896e-01	1.057834e-02	-1.565279e-01	-2.040715e-05	-1.112121e-04	-3.536362e-05	0.000000e+00	0.000000e+00	0.000000e+00	9.982000e+02	4.394997e+04	2.878406e+00	-2.567850e+00	6.414383e+00	-5.635017e-04	-8.951970e-04	-4.868233e-03	-1.552095e-03	
0	11	4	5	-1.697992e-01	1.073970e-02	-1.480846e-01	-2.016321e-05	-1.110150e-04	-3.491564e-05	0.000000e+00	0.000000e+00	0.000000e+00	9.982000e+02	4.334487e+04	2.963972e+00	-2.570646e+00	6.461779e+00	-9.735226e-04	-8.685832e-04	-4.763903e-03	-1.505388e-03	
0	11	4	6	-1.852662e-01	1.087290e-02	-1.395828e-01	-1.996738e-05	-1.110240e-04	-3.461536e-05	0.000000e+00	0.000000e+00	0.000000e+00	9.982000e+02	4.275055e+04	3.107571e+00	-2.572882e+00	6.459605e+00	-7.393380e-04	-8.483071e-04	-4.702161e-03	-1.471432e-03	
0	11	4	7	-2.005251e-01	1.098335e-02	-1.311319e-01	-1.935456e-05	-1.082555e-04	-3.351900e-05	0.000000e+00	0.000000e+00	0.000000e+00	9.982000e+02	4.131922e+04	3.382418e+00	-2.603077e+00	6.454017e+00	1.693313e-04	-7.927945e-04	-4.437965e-03	-1.372892e-03	
0	11	4	8	-2.106393e-01	1.104810e-02	-1.255036e-01	-6.608571e-06	-3.717279e-05	-1.146451e-05	0.000000e+00	0.000000e+00	0.000000e+00	9.982000e+02	4.231677e+04	3.486008e+00	-2.577964e+00	6.349387e+00	-9.568308e-07	-2.779426e-04	-1.563385e-03	-4.821727e-04	
0	12	4	1	-1.159852e-01	1.221873e-02	-1.841152e-01	-6.411846e-06	-3.939596e-05	-1.110038e-05	0.000000e+00	0.000000e+00	0.000000e+00	9.982000e+02	4.596703e+04	3.095753e+00	-2.166334e+00	5.900277e+00	-1.327434e-04	-2.949965e-04	-1.809715e-03	-5.107784e-04	
0	12	4	2	-1.263193e-01	1.238026e-02	-1.787303e-01	-1.831797e-05	-1.141660e-04	-3.175421e-05	0.000000e+00	0.000000e+00	0.000000e+00	9.982000e+02	4.641290e+04	2.973221e+00	-2.161629e+00	6.056555e+00	-1.980874e-04	-8.523134e-04	-5.307900e-03	-1.477664e-03	
0	12	4	3	-1.418219e-01	1.258491e-02	-1.705273e-01	-1.834334e-05	-1.163716e-04	-3.178584e-05	0.000000e+00	0.000000e+00	0.000000e+00	9.982000e+02	4.518591e+04	2.904600e+00	-2.171865e+00	6.275226e+00	-6.661645e-04	-8.290941e-04	-5.246106e-03	-1.437505e-03	
0	12	4	4	-1.574229e-01	1.274894e-02	-1.621283e-01	-1.796742e-05	-1.157549e-04	-3.112998e-05	0.000000e+00	0.000000e+00	0.000000e+00	9.982000e+02	4.463746e+04	2.936732e+00	-2.185627e+00	6.432114e+00	-7.264261e-04	-7.996967e-04	-5.136711e-03	-1.386516e-03	
0	12	4	5	-1.729466e-01	1.288194e-02	-1.536655e-01	-1.765456e-05	-1.151990e-04	-3.058585e-05	0.000000e+00	0.000000e+00	0.000000e+00	9.982000e+02	4.410371e+04	3.016415e+00	-2.182275e+00	6.478237e+00	-1.204862e-03	-7.734674e-04	-5.020705e-03	-1.341524e-03	
0	12	4	6	-1.884100e-01	1.299156e-02	-1.451542e-01	-1.740573e-05	-1.147389e-04	-3.015192e-05	0.000000e+00	0.000000e+00	0.000000e+00	9.982000e+02	4.346938e+04	3.158676e+00	-2.179943e+00	6.472067e+00	-4.775220e-04	-7.523603e-04	-4.948605e-03	-1.303802e-03	
0	12	4	7	-2.036485e-01	1.308271e-02	-1.367056e-01	-1.680246e-05	-1.117860e-04	-2.910503e-05	0.000000e+00	0.000000e+00	0.000000e+00	9.982000e+02	4.212259e+04	3.427689e+00	-2.198166e+00	6.463849e+00	2.252050e-04	-7.014212e-04	-4.672153e-03	-1.214874e-03	
0	12	4	8	-2.137489e-01	1.313598e-02	-1.310799e-01	-5.735017e-06	-3.836886e-05	-9.937564e-06	0.000000e+00	0.000000e+00	0.000000e+00	9.982000e+02	4.232807e+04	3.560190e+00	-2.198875e+00	6.435235e+00	2.674397e-05	-2.406842e-04	-1.610944e-03	-4.170493e-04	
0	13	4	1	-1.192179e-01	1.420156e-02	-1.900534e-01	-5.439940e-06	-4.135093e-05	-9.406672e-06	0.000000e+00	0.000000e+00	0.000000e+00	9.982000e+02	4.604045e+04	3.162831e+00	-1.768526e+00	5.945205e+00	5.493268e-06	-2.505873e-04	-1.904946e-03	-4.333096e-04	
0	13	4	2	-1.295602e-01	1.432524e-02	-1.846313e-01	-1.542623e-05	-1.195166e-04	-2.672689e-05	0.000000e+00	0.000000e+00	0.000000e+00	9.982000e+02	4.645851e+04	3.044048e+00	-1.759179e+00	6.109687e+00	-6.989609e-04	-7.163949e-04	-5.532637e-03	-1.241784e-03	
0	13	4	3	-1.450760e-01	1.448037e-02	-1.763802e-01	-1.529063e-05	-1.214028e-04	-2.651079e-05	0.000000e+00	0.000000e+00	0.000000e+00	9.982000e+02	4.512716e+04	2.979685e+00	-1.758418e+00	6.333860e+00	-1.193257e-03	-6.869776e-04	-5.424089e-03	-1.192472e-03	
0	13	4	4	-1.606889e-01	1.460322e-02	-1.679402e-01	-1.486255e-05	-1.203798e-04	-2.575303e-05	0.000000e+00	0.000000e+00	0.000000e+00	9.982000e+02	4.454857e+04	3.006565e+00	-1.758169e+00	6.483229e+00	-9.566737e-04	-6.540425e-04	-5.272550e-03	-1.134524e-03	
0	13	4	5	-1.762213e-01	1.470286e-02	-1.594421e-01	-1.452573e-05	-1.195048e-04	-2.515079e-05	0.000000e+00	0.000000e+00	0.000000e+00	9.982000e+02	4.369989e+04	3.089831e+00	-1.751237e+00	6.536540e+00	-1.832038e-04	-6.243804e-04	-5.131963e-03	-1.081327e-03	
0	13	4	6	-1.916899e-01	1.478511e-02	-1.509035e-01	-1.423564e-05	-1.188354e-04	-2.465942e-05	0.000000e+00	0.000000e+00	0.000000e+00	9.982000e+02	4.303889e+04	3.238588e+00	-1.742780e+00	6.528969e+00	1.330007e-03	-5.987093e-04	-5.036159e-03	-1.035855e-03	
0	13	4	7	-2.069165e-01	1.485308e-02	-1.424417e-01	-1.364651e-05	-1.152817e-04	-2.363360e-05	0.000000e+00	0.000000e+00	0.000000e+00	9.982000e+02	4.171400e+04	3.506200e+00	-1.751057e+00	6.516882e+00	1.850759e-03	-5.507996e-04	-4.711256e-03	-9.530737e-04	
0	13	4	8	-2.169975e-01	1.489236e-02	-1.368141e-01	-4.639068e-06	-3.950845e-05	-8.041757e-06	0.000000e+00	0.000000e+00	0.000000e+00	9.982000e+02	4.164594e+04	3.691156e+00	-1.757920e+00	6.507178e+00	6.866019e-04	-1.862308e-04	-1.608923e-03	-3.227570e-04	
0	14	4	1	-1.226427e-01	1.573893e-02	-1.962551e-01	-3.761370e-06	-4.343052e-05	-6.525371e-06	0.000000e+00	0.000000e+00	0.000000e+00	9.982000e+02	4.518172e+04	3.292900e+00	-1.194163e+00	6.049817e+00	1.668405e-05	-1.682870e-04	-1.943775e-03	-2.919434e-04	
0	14	4	2	-1.329838e-01	1.580895e-02	-1.907812e-01	-1.034700e-05	-1.252749e-04	-1.797246e-05	0.000000e+00	0.000000e+00	0.000000e+00	9.982000e+02	4.621246e+04	3.123956e+00	-1.146716e+00	6.194544e+00	6.901474e-05	-4.716832e-04	-5.713567e-03	-8.192435e-04	
0	14	4	3	-1.485004e-01	1.589416e-02	-1.824621e-01	-9.811513e-06	-1.268537e-04	-1.705407e-05	0.000000e+00	0.000000e+00	0.000000e+00	9.982000e+02	4.524466e+04	3.054945e+00	-1.097036e+00	6.402543e+00	9.686684e-05	-4.351640e-04	-5.630321e-03	-7.562828e-04	
0	14	4	4	-1.641153e-01	1.595889e-02	-1.739648e-01	-9.162013e-06	-1.254751e-04	-1.589615e-05	0.000000e+00	0.000000e+00	0.000000e+00	9.982000e+02	4.532327e+04	3.071728e+00	-1.051961e+00	6.533132e+00	-2.519367e-05	-4.079738e-04	-5.586282e-03	-7.078710e-04	
0	14	4	5	-1.796501e-01	1.601040e-02	-1.654186e-01	-8.613029e-06	-1.243362e-04	-1.491266e-05	0.000000e+00	0.000000e+00	0.000000e+00	9.982000e+02	4.515187e+04	3.154018e+00	-1.008796e+00	6.589313e+00	-4.463635e-05	-3.804036e-04	-5.489516e-03	-6.586830e-04	
0	14	4	6	-1.951210e-01	1.605242e-02	-1.568414e-01	-8.141899e-06	-1.233734e-04	-1.409718e-05	0.000000e+00	0.000000e+00	0.000000e+00	9.982000e+02	4.492100e+04	3.303061e+00	-9.700071e-01	6.581451e+00	-8.875784e-05	-3.561939e-04	-5.393028e-03	-6.167992e-04	
0	14	4	7	-2.103452e-01	1.608633e-02	-1.483474e-01	-7.559651e-06	-1.194871e-04	-1.307756e-05	0.000000e+00	0.000000e+00	0.000000e+00	9.982000e+02	4.384165e+04	3.574943e+00	-9.451140e-01	6.568781e+00	-9.877870e-05	-3.206993e-04	-5.063578e-03	-5.548207e-04	
0	14	4	8	-2.204193e-01	1.610538e-02	-1.427027e-01	-2.513892e-06	-4.086417e-05	-4.360024e-06	0.000000e+00	0.000000e+00	0.000000e+00	9.982000e+02	4.435295e+04	3.779682e+00	-9.305268e-01	6.542050e+00	-3.759114e-05	-1.072851e-04	-1.741759e-03	-1.860718e-04	
0	15	4	1	-1.262980e-01	1.645919e-02	-2.027066e-01	-5.695083e-07	-4.552551e-05	-9.405763e-07	0.000000e+00	0.000000e+00	0.000000e+00	9.982000e+02	4.908238e+04	3.344560e+00	-1.674101e-01	6.077845e+00	3.133586e-07	-2.770955e-05	-2.215140e-03	-4.576355e-05	
0	15	4	2	-1.366304e-01	1.647062e-02	-1.971597e-01	-1.186931e-06	-1.307178e-04	-1.970328e-06	0.000000e+00	0.000000e+00	0.000000e+00	9.982000e+02	4.931206e+04	3.147116e+00	-1.224314e-01	6.226654e+00	-8.192100e-08	-5.856364e-05	-6.449635e-03	-9.721679e-05	
0	15	4	3	-1.521302e-01	1.648176e-02	-1.887492e-01	-6.443959e-07	-1.317129e-04	-1.063002e-06	0.000000e+00	0.000000e+00	0.000000e+00	9.982000e+02	4.859003e+04	3.067701e+00	-6.681582e-02	6.419259e+00	-6.416580e-08	-3.126193e-05	-6.389822e-03	-5.157011e-05	
0	15	4	4	-1.677298e-01	1.648696e-02	-1.801776e-01	-2.107966e-07	-1.298073e-04	-3.384117e-07	0.000000e+00	0.000000e+00	0.000000e+00	9.982000e+02	4.803341e+04	2.998562e+00	-2.142694e-02	6.351098e+00	-1.241078e-08	-9.997841e-06	-6.156656e-03	-1.605050e-05	
0	15	4	5	-1.832536e-01	1.648931e-02	-1.715697e-01	1.165959e-07	-1.282169e-04	2.369540e-07	0.000000e+00	0.000000e+00	0.000000e+00	9.982000e+02	4.776197e+04	3.073750e+00	1.454729e-02	6.359131e+00	1.413027e-08	5.487828e-06	-6.034831e-03	1.115273e-05	
0	15	4	6	-1.987160e-01	1.649028e-02	-1.629406e-01	3.943809e-07	-1.268856e-04	7.060610e-07	0.000000e+00	0.000000e+00	0.000000e+00	9.982000e+02	4.768167e+04	3.213511e+00	4.506674e-02	6.303950e+00	1.611225e-07	1.846830e-05	-5.941832e-03	3.306393e-05	
0	15	4	7	-2.139328e-01	1.649009e-02	-1.544037e-01	6.021434e-07	-1.226336e-04	1.063869e-06	0.000000e+00	0.000000e+00	0.000000e+00	9.982000e+02	4.677624e+04	3.469076e+00	7.140169e-02	6.267089e+00	-2.349269e-06	2.756568e-05	-5.615891e-03	4.870282e-05	
0	15	4	8	-2.240017e-01	1.648960e-02	-1.487333e-01	2.495591e-07	-4.189758e-05	4.338372e-07	0.000000e+00	0.000000e+00	0.000000e+00	9.982000e+02	4.722139e+04	3.647911e+00	8.584728e-02	6.192239e+00	2.213976e-07	1.152852e-05	-1.935404e-03	2.004132e-05	
0	16	4	1	-1.301506e-01	1.613385e-02	-2.093378e-01	2.500967e-06	-4.678750e-05	4.360580e-06	0.000000e+00	0.000000e+00	0.000000e+00	9.982000e+02	5.112520e+04	3.158241e+00	6.908257e-01	5.600942e+00	1.609298e-05	1.267027e-04	-2.369363e-03	2.209134e-04	
0	16	4	2	-1.404669e-01	1.610688e-02	-2.036931e-01	7.483744e-06	-1.337925e-04	1.302346e-05	0.000000e+00	0.000000e+00	0.000000e+00	9.982000e+02	5.235038e+04	2.929357e+00	7.226041e-01	5.740140e+00	-1.587994e-04	3.877024e-04	-6.939750e-03	6.745904e-04	
0	16	4	3	-1.559353e-01	1.607078e-02	-1.951613e-01	7.931299e-06	-1.341120e-04	1.378723e-05	0.000000e+00	0.000000e+00	0.000000e+00	9.982000e+02	5.181862e+04	2.813006e+00	7.741345e-01	5.911989e+00	-3.130603e-04	4.057758e-04	-6.876585e-03	7.050527e-04	
0	16	4	4	-1.715007e-01	1.603981e-02	-1.864963e-01	8.135688e-06	-1.317248e-04	1.412275e-05	0.000000e+00	0.000000e+00	0.000000e+00	9.982000e+02	5.162829e+04	2.696531e+00	7.854754e-01	5.772845e+00	1.371105e-05	4.149430e-04	-6.717803e-03	7.203234e-04	
0	16	4	5	-1.869949e-01	1.601353e-02	-1.778117e-01	8.292129e-06	-1.297768e-04	1.439371e-05	0.000000e+00	0.000000e+00	0.000000e+00	9.982000e+02	5.143921e+04	2.759607e+00	8.153252e-01	5.761357e+00	-2.740343e-06	4.206524e-04	-6.583677e-03	7.301878e-04	
0	16	4	6	-2.024348e-01	1.599064e-02	-1.691190e-01	8.424542e-06	-1.281727e-04	1.461824e-05	0.000000e+00	0.000000e+00	0.000000e+00	9.982000e+02	5.141412e+04	2.878167e+00	8.359834e-01	5.671205e+00	5.568687e-06	4.268279e-04	-6.493598e-03	7.406224e-04	
0	16	4	7	-2.176333e-01	1.597104e-02	-1.605287e-01	8.314563e-06	-1.236244e-04	1.442256e-05	0.000000e+00	0.000000e+00	0.000000e+00	9.982000e+02	5.067886e+04	3.119716e+00	8.639520e-01	5.606941e+00	-9.006512e-05	4.141137e-04	-6.161600e-03	7.183100e-04	
0	16	4	8	-2.276909e-01	1.595987e-02	-1.548262e-01	2.873855e-06	-4.217121e-05	4.985593e-06	0.000000e+00	0.000000e+00	0.000000e+00	9.982000e+02	5.146318e+04	3.276773e+00	8.712648e-01	5.480856e+00	-4.894174e-05	1.451922e-04	-2.133010e-03	2.518909e-04	
0	17	4	1	-1.334715e-01	1.506722e-02	-2.149536e-01	3.921797e-06	-3.196053e-05	6.805409e-06	0.000000e+00	0.000000e+00	0.000000e+00	9.982000e+02	5.325968e+04	2.728957e+00	1.364560e+00	4.835808e+00	1.327289e-04	2.082606e-04	-1.694094e-03	3.614035e-04	
0	17	4	2	-1.437645e-01	1.502540e-02	-2.092144e-01	1.140422e-05	-9.119061e-05	1.978334e-05	0.000000e+00	0.000000e+00	0.000000e+00	9.982000e+02	5.486139e+04	2.417098e+00	1.367866e+00	4.911781e+00	1.513263e-05	6.221410e-04	-4.974482e-03	1.079263e-03	
0	17	4	3	-1.591999e-01	1.497137e-02	-2.005605e-01	1.166520e-05	-9.104948e-05	2.022470e-05	0.000000e+00	0.000000e+00	0.000000e+00	9.982000e+02	5.446755e+04	2.291269e+00	1.411773e+00	5.034096e+00	-1.468103e-04	6.310101e-04	-4.928022e-03	1.093866e-03	
0	17	4	4	-1.747290e-01	1.492683e-02	-1.918014e-01	1.163517e-05	-8.906134e-05	2.016837e-05	0.000000e+00	0.000000e+00	0.000000e+00	9.982000e+02	5.481095e+04	2.262064e+00	1.426454e+00	4.994079e+00	2.252886e-05	6.326488e-04	-4.842215e-03	1.096656e-03	
0	17	4	5	-1.901882e-01	1.488990e-02	-1.830448e-01	1.161841e-05	-8.761892e-05	2.013839e-05	0.000000e+00	0.000000e+00	0.000000e+00	9.982000e+02	5.483251e+04	2.325435e+00	1.451493e+00	4.973602e+00	-1.387842e-04	6.303964e-04	-4.756725e-03	1.092541e-03	
0	17	4	6	-2.056004e-01	1.485766e-02	-1.742926e-01	1.160794e-05	-8.641607e-05	2.012077e-05	0.000000e+00	0.000000e+00	0.000000e+00	9.982000e+02	5.486139e+04	2.441944e+00	1.463849e+00	4.878249e+00	-2.731489e-06	6.290624e-04	-4.683207e-03	1.090405e-03	
0	17	4	7	-2.207761e-01	1.483054e-02	-1.656513e-01	1.131088e-05	-8.324063e-05	1.959641e-05	0.000000e+00	0.000000e+00	0.000000e+00	9.982000e+02	5.412198e+04	2.679763e+00	1.497450e+00	4.814057e+00	-1.559342e-06	6.026313e-04	-4.435006e-03	1.044076e-03	
0	17	4	8	-2.308201e-01	1.481553e-02	-1.599179e-01	3.879301e-06	-2.838210e-05	6.721642e-06	0.000000e+00	0.000000e+00	0.000000e+00	9.982000e+02	5.506623e+04	2.813128e+00	1.485737e+00	4.649960e+00	5.073050e-18	2.102556e-04	-1.538291e-03	3.643086e-04	
0	18	4	1	-1.358529e-01	1.360329e-02	-2.189107e-01	4.928315e-06	-2.391673e-05	8.546908e-06	0.000000e+00	0.000000e+00	0.000000e+00	9.982000e+02	5.599866e+04	2.148286e+00	1.823233e+00	3.863190e+00	2.751380e-04	2.749217e-04	-1.330844e-03	4.768196e-04	
0	18	4	2	-1.461243e-01	1.356380e-02	-2.130965e-01	1.419389e-05	-6.802234e-05	2.460968e-05	0.000000e+00	0.000000e+00	0.000000e+00	9.982000e+02	5.844332e+04	1.794200e+00	1.778980e+00	3.882363e+00	4.365186e-04	8.252777e-04	-3.950576e-03	1.431222e-03	
0	18	4	3	-1.615287e-01	1.351390e-02	-2.043466e-01	1.437124e-05	-6.776451e-05	2.490490e-05	0.000000e+00	0.000000e+00	0.000000e+00	9.982000e+02	5.935529e+04	1.623606e+00	1.788664e+00	3.929938e+00	1.921728e-04	8.480667e-04	-3.997109e-03	1.469888e-03	
0	18	4	4	-1.770292e-01	1.347334e-02	-1.955113e-01	1.421050e-05	-6.615770e-05	2.462336e-05	0.000000e+00	0.000000e+00	0.000000e+00	9.982000e+02	5.963007e+04	1.614136e+00	1.800725e+00	3.906621e+00	1.079241e-04	8.418703e-04	-3.918401e-03	1.458877e-03	
0	18	4	5	-1.924596e-01	1.343996e-02	-1.866975e-01	1.408899e-05	-6.491321e-05	2.442381e-05	0.000000e+00	0.000000e+00	0.000000e+00	9.982000e+02	5.953742e+04	1.697864e+00	1.830862e+00	3.886614e+00	-1.354119e-04	8.310432e-04	-3.830243e-03	1.440516e-03	
0	18	4	6	-2.078459e-01	1.340972e-02	-1.778994e-01	1.401188e-05	-6.390787e-05	2.427685e-05	0.000000e+00	0.000000e+00	0.000000e+00	9.982000e+02	5.901460e+04	1.820430e+00	1.855307e+00	3.833325e+00	-2.290378e-04	8.176744e-04	-3.731727e-03	1.416533e-03	
0	18	4	7	-2.230004e-01	1.338461e-02	-1.692187e-01	1.358500e-05	-6.147414e-05	2.353802e-05	0.000000e+00	0.000000e+00	0.000000e+00	9.982000e+02	5.813722e+04	2.064787e+00	1.907561e+00	3.790275e+00	-2.777603e-04	7.790305e-04	-3.528366e-03	1.349723e-03	
0	18	4	8	-2.330321e-01	1.337169e-02	-1.634617e-01	4.648538e-06	-2.093725e-05	8.049540e-06	0.000000e+00	0.000000e+00	0.000000e+00	9.982000e+02	5.954759e+04	2.182352e+00	1.867024e+00	3.595932e+00	-1.704168e-04	2.729928e-04	-1.231557e-03	4.727502e-04	
0	19	4	1	-1.374639e-01	1.200919e-02	-2.215357e-01	4.732016e-06	-1.342382e-05	8.207127e-06	0.000000e+00	0.000000e+00	0.000000e+00	9.982000e+02	7.021906e+04	1.227786e+00	1.895678e+00	2.392718e+00	-3.023540e-04	3.317645e-04	-9.427117e-04	5.753285e-04	
0	19	4	2	-1.477198e-01	1.198119e-02	-2.156646e-01	1.356315e-05	-3.802596e-05	2.350644e-05	0.000000e+00	0.000000e+00	0.000000e+00	9.982000e+02	7.104725e+04	7.921397e-01	1.749503e+00	2.373078e+00	-1.167657e-03	9.650768e-04	-2.710035e-03	1.671415e-03	
0	19	4	3	-1.630978e-01	1.194624e-02	-2.068458e-01	1.366216e-05	-3.772373e-05	2.366770e-05	0.000000e+00	0.000000e+00	0.000000e+00	9.982000e+02	7.015575e+04	6.328502e-01	1.712896e+00	2.364858e+00	-1.354070e-03	9.601245e-04	-2.655350e-03	1.661542e-03	
0	19	4	4	-1.785759e-01	1.191743e-02	-1.979569e-01	1.347529e-05	-3.675071e-05	2.334450e-05	0.000000e+00	0.000000e+00	0.000000e+00	9.982000e+02	6.948349e+04	6.683429e-01	1.730665e+00	2.338753e+00	-1.122638e-03	9.375151e-04	-2.560474e-03	1.622767e-03	
0	19	4	5	-1.939847e-01	1.189415e-02	-1.891004e-01	1.331916e-05	-3.597702e-05	2.308237e-05	0.000000e+00	0.000000e+00	0.000000e+00	9.982000e+02	6.878960e+04	7.953439e-01	1.793906e+00	2.337112e+00	-3.660663e-04	9.151916e-04	-2.473408e-03	1.585659e-03	
0	19	4	6	-2.093489e-01	1.187276e-02	-1.802682e-01	1.318593e-05	-3.532433e-05	2.285196e-05	0.000000e+00	0.000000e+00	0.000000e+00	9.982000e+02	6.820166e+04	9.109710e-01	1.845128e+00	2.326536e+00	-2.345987e-04	8.984431e-04	-2.407819e-03	1.556854e-03	
0	19	4	7	-2.244860e-01	1.185446e-02	-1.715593e-01	1.276606e-05	-3.393578e-05	2.211023e-05	0.000000e+00	0.000000e+00	0.000000e+00	9.982000e+02	6.735036e+04	1.114148e+00	1.910369e+00	2.288830e+00	-4.265746e-04	8.611110e-04	-2.291017e-03	1.491203e-03	
0	19	4	8	-2.345075e-01	1.184609e-02	-1.657856e-01	4.364912e-06	-1.155500e-05	7.558551e-06	0.000000e+00	0.000000e+00	0.000000e+00	9.982000e+02	6.801772e+04	1.231369e+00	1.841331e+00	2.103810e+00	-2.996008e-04	2.980765e-04	-7.905025e-04	5.161467e-04	
0	20	4	1	-1.382615e-01	1.058604e-02	-2.227708e-01	3.903683e-06	-4.416826e-06	6.777437e-06	0.000000e+00	0.000000e+00	0.000000e+00	9.982000e+02	7.480181e+04	1.616144e-01	1.083996e+00	6.133483e-01	1.623376e-18	3.046962e-04	-3.447488e-04	5.290028e-04	
0	20	4	2	-1.485079e-01	1.057345e-02	-2.168697e-01	1.114859e-05	-1.246403e-05	1.932218e-05	0.000000e+00	0.000000e+00	0.000000e+00	9.982000e+02	7.541803e+04	-1.500482e-01	8.479210e-01	6.335381e-01	3.607502e-18	8.775543e-04	-9.810981e-04	1.520933e-03	
0	20	4	3	-1.638668e-01	1.055935e-02	-2.080118e-01	1.115365e-05	-1.216692e-05	1.930925e-05	0.000000e+00	0.000000e+00	0.000000e+00	9.982000e+02	7.393550e+04	-2.822255e-01	8.173956e-01	6.780703e-01	3.367002e-18	8.617170e-04	-9.400004e-04	1.491808e-03	
0	20	4	4	-1.793271e-01	1.054658e-02	-1.990913e-01	1.092985e-05	-1.160607e-05	1.893011e-05	0.000000e+00	0.000000e+00	0.000000e+00	9.982000e+02	7.229683e+04	-2.915654e-01	9.100820e-01	7.263161e-01	0.000000e+00	8.273835e-04	-8.785730e-04	1.432998e-03	
0	20	4	5	-1.947224e-01	1.053720e-02	-1.902134e-01	1.073574e-05	-1.130386e-05	1.861624e-05	0.000000e+00	0.000000e+00	0.000000e+00	9.982000e+02	7.077611e+04	-2.742111e-01	1.075655e+00	8.112760e-01	-4.810003e-19	7.952511e-04	-8.373344e-04	1.379000e-03	
0	20	4	6	-2.100746e-01	1.052714e-02	-1.813664e-01	1.061736e-05	-1.119086e-05	1.841194e-05	0.000000e+00	0.000000e+00	0.000000e+00	9.982000e+02	6.948168e+04	-1.660724e-01	1.221619e+00	8.382722e-01	-2.094734e-04	7.714462e-04	-8.132489e-04	1.337432e-03	
0	20	4	7	-2.252011e-01	1.051718e-02	-1.726438e-01	1.026682e-05	-1.073377e-05	1.778023e-05	0.000000e+00	0.000000e+00	0.000000e+00	9.982000e+02	6.801419e+04	1.149875e-01	1.342159e+00	7.438526e-01	1.929289e-04	7.280815e-04	-7.609823e-04	1.261023e-03	
0	20	4	8	-2.352151e-01	1.051589e-02	-1.668601e-01	3.497686e-06	-3.618293e-06	6.048347e-06	0.000000e+00	0.000000e+00	0.000000e+00	9.982000e+02	6.880928e+04	2.810574e-01	1.218859e+00	5.666242e-01	7.816254e-19	2.505042e-04	-2.591421e-04	4.331825e-04	
0	21	4	1	-1.380249e-01	8.832317e-03	-2.221243e-01	6.720202e-06	1.264734e-05	1.169034e-05	0.000000e+00	0.000000e+00	0.000000e+00	9.982000e+02	8.020354e+04	4.757360e-01	-1.415138e+00	1.257507e+00	-1.269682e-04	5.499118e-04	1.035187e-03	9.565615e-04	
0	21	4	2	-1.482630e-01	8.840641e-03	-2.162391e-01	1.923190e-05	3.591470e-05	3.338864e-05	0.000000e+00	0.000000e+00	0.000000e+00	9.982000e+02	8.046058e+04	3.066490e-01	-1.433864e+00	1.365715e+00	-3.817453e-04	1.576387e-03	2.944526e-03	2.736491e-03	
0	21	4	3	-1.636160e-01	8.854327e-03	-2.074051e-01	1.932648e-05	3.543241e-05	3.351264e-05	0.000000e+00	0.000000e+00	0.000000e+00	9.982000e+02	8.094937e+04	1.789159e-01	-1.396836e+00	1.373674e+00	-5.284961e-04	1.604992e-03	2.943353e-03	2.782610e-03	
0	21	4	4	-1.790717e-01	8.864047e-03	-1.985021e-01	1.900038e-05	3.430225e-05	3.294762e-05	0.000000e+00	0.000000e+00	0.000000e+00	9.982000e+02	8.139276e+04	-1.452670e-02	-1.247752e+00	1.307431e+00	1.660939e-04	1.595974e-03	2.881206e-03	2.767759e-03	
0	21	4	5	-1.944638e-01	8.873369e-03	-1.896385e-01	1.873255e-05	3.354015e-05	3.250590e-05	0.000000e+00	0.000000e+00	0.000000e+00	9.982000e+02	7.924574e+04	-1.672038e-01	-1.158784e+00	1.292010e+00	2.299553e-03	1.548540e-03	2.771640e-03	2.690672e-03	
0	21	4	6	-2.098125e-01	8.878826e-03	-1.808000e-01	1.851264e-05	3.318190e-05	3.213201e-05	0.000000e+00	0.000000e+00	0.000000e+00	9.982000e+02	7.727029e+04	-1.327275e-01	-1.062505e+00	1.173692e+00	2.682991e-03	1.505002e-03	2.696643e-03	2.615724e-03	
0	21	4	7	-2.249355e-01	8.881727e-03	-1.720834e-01	1.788665e-05	3.201570e-05	3.099781e-05	0.000000e+00	0.000000e+00	0.000000e+00	9.982000e+02	7.535947e+04	1.533286e-01	-9.902889e-01	9.343322e-01	2.857797e-03	1.431057e-03	2.559273e-03	2.481400e-03	
0	21	4	8	-2.349509e-01	8.888955e-03	-1.663092e-01	6.120089e-06	1.081189e-05	1.058829e-05	0.000000e+00	0.000000e+00	0.000000e+00	9.982000e+02	7.645721e+04	3.855264e-01	-1.017123e+00	8.157657e-01	5.045378e-04	4.956865e-04	8.750303e-04	8.574771e-04	
0	22	4	1	-1.368232e-01	7.105681e-03	-2.197620e-01	3.724277e-06	1.941834e-05	6.455362e-06	0.000000e+00	0.000000e+00	0.000000e+00	9.982000e+02	5.771701e+04	1.369036e+00	-1.176932e+00	2.750489e+00	2.345460e-04	2.156628e-04	1.122516e-03	3.739012e-04	
0	22	4	2	-1.470560e-01	7.130423e-03	-2.139321e-01	1.071576e-05	5.526514e-05	1.857344e-05	0.000000e+00	0.000000e+00	0.000000e+00	9.982000e+02	5.974404e+04	1.288636e+00	-1.210112e+00	2.857213e+00	5.323710e-04	6.405932e-04	3.299602e-03	1.110662e-03	
0	22	4	3	-1.624145e-01	7.164818e-03	-2.051725e-01	1.084511e-05	5.511639e-05	1.879619e-05	0.000000e+00	0.000000e+00	0.000000e+00	9.982000e+02	6.078136e+04	1.152929e+00	-1.192435e+00	2.831375e+00	3.103094e-04	6.607272e-04	3.355722e-03	1.145398e-03	
0	22	4	4	-1.778780e-01	7.192337e-03	-1.963307e-01	1.071104e-05	5.379705e-05	1.856401e-05	0.000000e+00	0.000000e+00	0.000000e+00	9.982000e+02	6.215291e+04	8.782242e-01	-1.086359e+00	2.641467e+00	1.264143e-03	6.680279e-04	3.348333e-03	1.159221e-03	
0	22	4	5	-1.932769e-01	7.215789e-03	-1.875121e-01	1.062104e-05	5.277511e-05	1.840237e-05	0.000000e+00	0.000000e+00	0.000000e+00	9.982000e+02	6.362275e+04	8.024863e-01	-1.081405e+00	2.638141e+00	1.306864e-03	6.755489e-04	3.350216e-03	1.172112e-03	
0	22	4	6	-2.086303e-01	7.233928e-03	-1.787014e-01	1.055663e-05	5.202452e-05	1.828570e-05	0.000000e+00	0.000000e+00	0.000000e+00	9.982000e+02	6.532278e+04	8.652563e-01	-1.094296e+00	2.613849e+00	1.380817e-03	6.935063e-04	3.410457e-03	1.202802e-03	
0	22	4	7	-2.237579e-01	7.248136e-03	-1.700102e-01	1.022211e-05	5.005897e-05	1.771419e-05	0.000000e+00	0.000000e+00	0.000000e+00	9.982000e+02	6.624946e+04	1.070901e+00	-1.099489e+00	2.489103e+00	1.637960e-03	6.868048e-04	3.353283e-03	1.191224e-03	
0	22	4	8	-2.337812e-01	7.260107e-03	-1.642598e-01	3.500995e-06	1.704810e-05	6.066618e-06	0.000000e+00	0.000000e+00	0.000000e+00	9.982000e+02	6.676000e+04	1.258813e+00	-1.096546e+00	2.355007e+00	7.729860e-04	2.385140e-04	1.156013e-03	4.134381e-04	
0	23	4	1	-1.352292e-01	6.033581e-03	-2.168089e-01	2.747937e-06	2.108745e-05	4.761442e-06	0.000000e+00	0.000000e+00	0.000000e+00	9.982000e+02	5.889566e+04	1.659512e+00	-9.242621e-01	3.135624e+00	4.315107e-04	1.633322e-04	1.247517e-03	2.831236e-04	
0	23	4	2	-1.454642e-01	6.064893e-03	-2.110399e-01	7.916130e-06	6.019480e-05	1.371659e-05	0.000000e+00	0.000000e+00	0.000000e+00	9.982000e+02	6.038574e+04	1.633491e+00	-9.623127e-01	3.280355e+00	1.097569e-03	4.822883e-04	3.652697e-03	8.361748e-04	
0	23	4	3	-1.608312e-01	6.107386e-03	-2.023565e-01	8.017641e-06	6.016300e-05	1.389217e-05	0.000000e+00	0.000000e+00	0.000000e+00	9.982000e+02	6.101570e+04	1.506461e+00	-9.625911e-01	3.299276e+00	1.139055e-03	4.941319e-04	3.693957e-03	8.569691e-04	
0	23	4	4	-1.763041e-01	6.142612e-03	-1.935772e-01	7.928361e-06	5.885469e-05	1.373377e-05	0.000000e+00	0.000000e+00	0.000000e+00	9.982000e+02	6.219815e+04	1.278373e+00	-9.080584e-01	3.153401e+00	1.394331e-03	4.993040e-04	3.692103e-03	8.662234e-04	
0	23	4	5	-1.917137e-01	6.171860e-03	-1.848067e-01	7.869325e-06	5.792845e-05	1.363278e-05	0.000000e+00	0.000000e+00	0.000000e+00	9.982000e+02	6.294668e+04	1.238746e+00	-9.098387e-01	3.151042e+00	1.450024e-03	5.017164e-04	3.678877e-03	8.706316e-04	
0	23	4	6	-2.070789e-01	6.194412e-03	-1.760330e-01	7.820566e-06	5.711417e-05	1.354889e-05	0.000000e+00	0.000000e+00	0.000000e+00	9.982000e+02	6.390568e+04	1.296199e+00	-9.239169e-01	3.146513e+00	1.180235e-03	5.058026e-04	3.681758e-03	8.773529e-04	
0	23	4	7	-2.222159e-01	6.213031e-03	-1.673740e-01	7.581860e-06	5.502536e-05	1.313538e-05	0.000000e+00	0.000000e+00	0.000000e+00	9.982000e+02	6.433635e+04	1.448670e+00	-9.290238e-01	3.055585e+00	9.288396e-04	4.929778e-04	3.567235e-03	8.545792e-04	
0	23	4	8	-2.322441e-01	6.226594e-03	-1.616420e-01	2.597006e-06	1.877916e-05	4.498085e-06	0.000000e+00	0.000000e+00	0.000000e+00	9.982000e+02	6.511580e+04	1.616840e+00	-9.254461e-01	2.930171e+00	4.195124e-04	1.714231e-04	1.234311e-03	2.969640e-04	
0	24	4	1	-1.335155e-01	5.198728e-03	-2.136986e-01	2.277884e-06	2.166020e-05	3.945118e-06	0.000000e+00	0.000000e+00	0.000000e+00	9.982000e+02	6.009198e+04	1.761895e+00	-7.794679e-01	3.262269e+00	4.367021e-04	1.383475e-04	1.307887e-03	2.396993e-04	
0	24	4	2	-1.437569e-01	5.235368e-03	-2.079860e-01	6.564335e-06	6.195374e-05	1.137059e-05	0.000000e+00	0.000000e+00	0.000000e+00	9.982000e+02	6.107111e+04	1.791610e+00	-8.243045e-01	3.456992e+00	1.479480e-03	4.081549e-04	3.826000e-03	7.075208e-04	
0	24	4	3	-1.591327e-01	5.284581e-03	-1.993775e-01	6.638286e-06	6.201927e-05	1.150171e-05	0.000000e+00	0.000000e+00	0.000000e+00	9.982000e+02	6.176043e+04	1.689268e+00	-8.256581e-01	3.477125e+00	7.758330e-04	4.141328e-04	3.856258e-03	7.179675e-04	
0	24	4	4	-1.746159e-01	5.325297e-03	-1.906578e-01	6.574205e-06	6.082159e-05	1.138517e-05	0.000000e+00	0.000000e+00	0.000000e+00	9.982000e+02	6.282071e+04	1.488257e+00	-7.893156e-01	3.357289e+00	1.098043e-03	4.185210e-04	3.856076e-03	7.256509e-04	
0	24	4	5	-1.900384e-01	5.358497e-03	-1.819304e-01	6.530692e-06	5.994551e-05	1.131342e-05	0.000000e+00	0.000000e+00	0.000000e+00	9.982000e+02	6.337694e+04	1.464816e+00	-7.946072e-01	3.364753e+00	1.295769e-03	4.204670e-04	3.841167e-03	7.294692e-04	
0	24	4	6	-2.054154e-01	5.384694e-03	-1.731941e-01	6.484367e-06	5.917392e-05	1.123748e-05	0.000000e+00	0.000000e+00	0.000000e+00	9.982000e+02	6.409840e+04	1.515622e+00	-8.048676e-01	3.363683e+00	4.835850e-04	4.182002e-04	3.809286e-03	7.251026e-04	
0	24	4	7	-2.205616e-01	5.406599e-03	-1.645662e-01	6.286028e-06	5.705812e-05	1.088560e-05	0.000000e+00	0.000000e+00	0.000000e+00	9.982000e+02	6.441862e+04	1.650476e+00	-8.113611e-01	3.299753e+00	3.290152e-04	4.070240e-04	3.689364e-03	7.049947e-04	
0	24	4	8	-2.305945e-01	5.421593e-03	-1.588520e-01	2.150713e-06	1.945570e-05	3.726968e-06	0.000000e+00	0.000000e+00	0.000000e+00	9.982000e+02	6.525180e+04	1.797455e+00	-8.104940e-01	3.193727e+00	3.724806e-04	1.424188e-04	1.282008e-03	2.468269e-04	
0	25	4	1	-1.315758e-01	4.419435e-03	-2.102194e-01	2.402497e-06	2.617980e-05	4.161824e-06	0.000000e+00	0.000000e+00	0.000000e+00	9.982000e+02	6.002325e+04	1.802219e+00	-6.837411e-01	3.260681e+00	9.068053e-06	1.444821e-04	1.574224e-03	2.502863e-04	
0	25	4	2	-1.418249e-01	4.461213e-03	-2.045643e-01	6.926075e-06	7.498946e-05	1.199725e-05	0.000000e+00	0.000000e+00	0.000000e+00	9.982000e+02	6.098395e+04	1.878036e+00	-7.358033e-01	3.514979e+00	1.432587e-03	4.278717e-04	4.602466e-03	7.415293e-04	
0	25	4	3	-1.572089e-01	4.517050e-03	-1.960308e-01	7.010081e-06	7.527947e-05	1.214313e-05	0.000000e+00	0.000000e+00	0.000000e+00	9.982000e+02	6.148976e+04	1.801023e+00	-7.422364e-01	3.561671e+00	1.061728e-03	4.354255e-04	4.654629e-03	7.547310e-04	
0	25	4	4	-1.727039e-01	4.562883e-03	-1.873695e-01	6.945071e-06	7.407526e-05	1.203173e-05	0.000000e+00	0.000000e+00	0.000000e+00	9.982000e+02	6.248333e+04	1.624216e+00	-7.149858e-01	3.464379e+00	1.247941e-03	4.388451e-04	4.658214e-03	7.610742e-04	
0	25	4	5	-1.881414e-01	4.600118e-03	-1.786862e-01	6.889110e-06	7.305803e-05	1.193222e-05	0.000000e+00	0.000000e+00	0.000000e+00	9.982000e+02	6.308030e+04	1.600948e+00	-7.197270e-01	3.482396e+00	1.223407e-03	4.393362e-04	4.637508e-03	7.618184e-04	
0	25	4	6	-2.035299e-01	4.630254e-03	-1.699879e-01	6.835907e-06	7.221303e-05	1.184555e-05	0.000000e+00	0.000000e+00	0.000000e+00	9.982000e+02	6.375084e+04	1.642112e+00	-7.276694e-01	3.488391e+00	5.633025e-04	4.376325e-04	4.612884e-03	7.587106e-04	
0	25	4	7	-2.186849e-01	4.655528e-03	-1.613919e-01	6.627085e-06	6.969944e-05	1.147300e-05	0.000000e+00	0.000000e+00	0.000000e+00	9.982000e+02	6.394547e+04	1.770179e+00	-7.337670e-01	3.435198e+00	4.261155e-04	4.249200e-04	4.460794e-03	7.357920e-04	
0	25	4	8	-2.287233e-01	4.672212e-03	-1.556976e-01	2.264398e-06	2.378984e-05	3.927915e-06	0.000000e+00	0.000000e+00	0.000000e+00	9.982000e+02	6.484171e+04	1.912357e+00	-7.356073e-01	3.352833e+00	1.356918e-04	1.471823e-04	1.543475e-03	2.553132e-04	
0	26	4	1	-1.292511e-01	3.589768e-03	-2.060828e-01	2.568791e-06	3.068789e-05	4.450776e-06	0.000000e+00	0.000000e+00	0.000000e+00	9.982000e+02	6.027423e+04	1.823500e+00	-6.221846e-01	3.237490e+00	5.730235e-05	1.552158e-04	1.852989e-03	2.689367e-04	
0	26	4	2	-1.395052e-01	3.637487e-03	-2.004928e-01	7.394854e-06	8.796121e-05	1.281323e-05	0.000000e+00	0.000000e+00	0.000000e+00	9.982000e+02	6.099465e+04	1.927868e+00	-6.756514e-01	3.525638e+00	1.469670e-03	4.562718e-04	5.392629e-03	7.908651e-04	
0	26	4	3	-1.549001e-01	3.700525e-03	-1.920385e-01	7.491016e-06	8.854164e-05	1.297673e-05	0.000000e+00	0.000000e+00	0.000000e+00	9.982000e+02	6.145880e+04	1.865486e+00	-6.836909e-01	3.588017e+00	1.522060e-03	4.662676e-04	5.476567e-03	8.082616e-04	
0	26	4	4	-1.704117e-01	3.752223e-03	-1.834355e-01	7.420367e-06	8.729933e-05	1.285217e-05	0.000000e+00	0.000000e+00	0.000000e+00	9.982000e+02	6.235628e+04	1.715996e+00	-6.626279e-01	3.510197e+00	1.952314e-03	4.702352e-04	5.491605e-03	8.155062e-04	
0	26	4	5	-1.858645e-01	3.794726e-03	-1.748015e-01	7.355413e-06	8.620791e-05	1.273872e-05	0.000000e+00	0.000000e+00	0.000000e+00	9.982000e+02	6.289086e+04	1.697013e+00	-6.678044e-01	3.539429e+00	1.993435e-03	4.704040e-04	5.472404e-03	8.158845e-04	
0	26	4	6	-2.012646e-01	3.828854e-03	-1.661442e-01	7.303835e-06	8.529464e-05	1.266157e-05	0.000000e+00	0.000000e+00	0.000000e+00	9.982000e+02	6.356283e+04	1.735498e+00	-6.764319e-01	3.555659e+00	1.341153e-03	4.694845e-04	5.454607e-03	8.146105e-04	
0	26	4	7	-2.164285e-01	3.857495e-03	-1.575827e-01	7.088936e-06	8.240860e-05	1.226977e-05	0.000000e+00	0.000000e+00	0.000000e+00	9.982000e+02	6.384625e+04	1.855613e+00	-6.836638e-01	3.519662e+00	4.935627e-04	4.541943e-04	5.269002e-03	7.862872e-04	
0	26	4	8	-2.264723e-01	3.876229e-03	-1.519091e-01	2.421297e-06	2.814950e-05	4.200703e-06	0.000000e+00	0.000000e+00	0.000000e+00	9.982000e+02	6.454288e+04	1.992023e+00	-6.890576e-01	3.469264e+00	1.908665e-04	1.569407e-04	1.820003e-03	2.722786e-04	
0	27	4	1	-1.265312e-01	2.695336e-03	-2.012982e-01	2.776788e-06	3.509163e-05	4.807654e-06	0.000000e+00	0.000000e+00	0.000000e+00	9.982000e+02	6.009592e+04	1.836166e+00	-5.829333e-01	3.194372e+00	1.789834e-04	1.675037e-04	2.112563e-03	2.900141e-04	
0	27	4	2	-1.367915e-01	2.749820e-03	-1.957709e-01	8.003560e-06	1.010084e-04	1.386225e-05	0.000000e+00	0.000000e+00	0.000000e+00	9.982000e+02	6.084550e+04	1.980558e+00	-6.395069e-01	3.516318e+00	1.353355e-03	4.918144e-04	6.172205e-03	8.519442e-04	
0	27	4	3	-1.522043e-01	2.821075e-03	-1.873940e-01	8.109731e-06	1.020481e-04	1.405739e-05	0.000000e+00	0.000000e+00	0.000000e+00	9.982000e+02	6.129707e+04	1.924916e+00	-6.467300e-01	3.584380e+00	1.347940e-03	5.022356e-04	6.286310e-03	8.709088e-04	
0	27	4	4	-1.677352e-01	2.879021e-03	-1.788506e-01	8.042986e-06	1.007239e-04	1.393062e-05	0.000000e+00	0.000000e+00	0.000000e+00	9.982000e+02	6.220997e+04	1.789936e+00	-6.304015e-01	3.524615e+00	1.713254e-03	5.065698e-04	6.304410e-03	8.781183e-04	
0	27	4	5	-1.832021e-01	2.926947e-03	-1.702670e-01	7.981625e-06	9.965382e-05	1.382542e-05	0.000000e+00	0.000000e+00	0.000000e+00	9.982000e+02	6.268497e+04	1.768523e+00	-6.362574e-01	3.565156e+00	1.712522e-03	5.064438e-04	6.284273e-03	8.781011e-04	
0	27	4	6	-1.986126e-01	2.965686e-03	-1.616518e-01	7.914896e-06	9.874980e-05	1.371760e-05	0.000000e+00	0.000000e+00	0.000000e+00	9.982000e+02	6.323772e+04	1.805480e+00	-6.442778e-01	3.596265e+00	1.275261e-03	5.051137e-04	6.272471e-03	8.760281e-04	
0	27	4	7	-2.137854e-01	2.998041e-03	-1.531265e-01	7.673030e-06	9.550053e-05	1.328752e-05	0.000000e+00	0.000000e+00	0.000000e+00	9.982000e+02	6.336275e+04	1.927409e+00	-6.535320e-01	3.584084e+00	9.894157e-04	4.901031e-04	6.075555e-03	8.489644e-04	
0	27	4	8	-2.238351e-01	3.018969e-03	-1.474748e-01	2.624374e-06	3.262818e-05	4.548339e-06	0.000000e+00	0.000000e+00	0.000000e+00	9.982000e+02	6.405815e+04	2.061567e+00	-6.622351e-01	3.561125e+00	5.107889e-05	1.685211e-04	2.093836e-03	2.920658e-04	
0	28	4	1	-1.234274e-01	1.689607e-03	-1.958934e-01	3.220694e-06	3.919964e-05	5.572013e-06	0.000000e+00	0.000000e+00	0.000000e+00	9.982000e+02	6.036071e+04	1.845317e+00	-6.016254e-01	3.165875e+00	1.266306e-04	1.949880e-04	2.370309e-03	3.373387e-04	
0	28	4	2	-1.337011e-01	1.754895e-03	-1.904196e-01	9.234151e-06	1.130896e-04	1.598843e-05	0.000000e+00	0.000000e+00	0.000000e+00	9.982000e+02	6.085203e+04	2.022216e+00	-6.605538e-01	3.504304e+00	1.633354e-03	5.682056e-04	6.917212e-03	9.838216e-04	
0	28	4	3	-1.491348e-01	1.839944e-03	-1.821126e-01	9.278860e-06	1.145682e-04	1.607679e-05	0.000000e+00	0.000000e+00	0.000000e+00	9.982000e+02	6.125363e+04	1.977216e+00	-6.609678e-01	3.569092e+00	1.510840e-03	5.743123e-04	7.053271e-03	9.952851e-04	
0	28	4	4	-1.646810e-01	1.908377e-03	-1.736268e-01	9.132483e-06	1.134081e-04	1.581558e-05	0.000000e+00	0.000000e+00	0.000000e+00	9.982000e+02	6.205830e+04	1.855927e+00	-6.405977e-01	3.521828e+00	1.786848e-03	5.734820e-04	7.079241e-03	9.937036e-04	
0	28	4	5	-1.801588e-01	1.964319e-03	-1.650910e-01	9.018839e-06	1.124084e-04	1.561833e-05	0.000000e+00	0.000000e+00	0.000000e+00	9.982000e+02	6.252926e+04	1.834222e+00	-6.430573e-01	3.569044e+00	1.829438e-03	5.706061e-04	7.068897e-03	9.888642e-04	
0	28	4	6	-1.955781e-01	2.010362e-03	-1.565173e-01	8.926027e-06	1.115204e-04	1.545216e-05	0.000000e+00	0.000000e+00	0.000000e+00	9.982000e+02	6.308149e+04	1.864547e+00	-6.497165e-01	3.612029e+00	1.306700e-03	5.676541e-04	7.060878e-03	9.831889e-04	
0	28	4	7	-2.107587e-01	2.048637e-03	-1.480266e-01	8.621091e-06	1.080252e-04	1.493064e-05	0.000000e+00	0.000000e+00	0.000000e+00	9.982000e+02	6.316013e+04	1.982739e+00	-6.581306e-01	3.616811e+00	8.206606e-04	5.475450e-04	6.839972e-03	9.484290e-04	
0	28	4	8	-2.208135e-01	2.072741e-03	-1.423956e-01	2.945519e-06	3.696069e-05	5.102296e-06	0.000000e+00	0.000000e+00	0.000000e+00	9.982000e+02	6.367898e+04	2.110131e+00	-6.677784e-01	3.619178e+00	8.690355e-05	1.880896e-04	2.357805e-03	3.258100e-04	
0	29	4	1	-1.199957e-01	4.916660e-04	-1.899415e-01	3.915610e-06	4.256730e-05	6.770334e-06	0.000000e+00	0.000000e+00	0.000000e+00	9.982000e+02	6.029798e+04	1.872966e+00	-6.791362e-01	3.186724e+00	7.420820e-05	2.366683e-04	2.571300e-03	4.092105e-04	
0	29	4	2	-1.302826e-01	5.730979e-04	-1.845135e-01	1.122066e-05	1.230938e-04	1.943033e-05	0.000000e+00	0.000000e+00	0.000000e+00	9.982000e+02	6.079891e+04	2.069808e+00	-7.422503e-01	3.506982e+00	2.128337e-03	6.910187e-04	7.530790e-03	1.196443e-03	
0	29	4	3	-1.457305e-01	6.788214e-04	-1.762658e-01	1.128690e-05	1.251121e-04	1.954634e-05	0.000000e+00	0.000000e+00	0.000000e+00	9.982000e+02	6.121514e+04	2.026509e+00	-7.398344e-01	3.565336e+00	2.004012e-03	6.994423e-04	7.706646e-03	1.211387e-03	
0	29	4	4	-1.612860e-01	7.634347e-04	-1.678296e-01	1.110400e-05	1.241079e-04	1.924154e-05	0.000000e+00	0.000000e+00	0.000000e+00	9.982000e+02	6.200718e+04	1.919899e+00	-7.177296e-01	3.521411e+00	2.234711e-03	6.974764e-04	7.746085e-03	1.209057e-03	
0	29	4	5	-1.767705e-01	8.321351e-04	-1.593364e-01	1.095887e-05	1.232518e-04	1.898239e-05	0.000000e+00	0.000000e+00	0.000000e+00	9.982000e+02	6.237415e+04	1.906872e+00	-7.197355e-01	3.572339e+00	2.355004e-03	6.932500e-04	7.744676e-03	1.201448e-03	
0	29	4	6	-1.921960e-01	8.885677e-04	-1.507984e-01	1.083895e-05	1.225647e-04	1.877541e-05	0.000000e+00	0.000000e+00	0.000000e+00	9.982000e+02	6.291141e+04	1.926725e+00	-7.259955e-01	3.626963e+00	1.917095e-03	6.901256e-04	7.760667e-03	1.196003e-03	
0	29	4	7	-2.073857e-01	9.353367e-04	-1.423369e-01	1.047435e-05	1.188959e-04	1.815049e-05	0.000000e+00	0.000000e+00	0.000000e+00	9.982000e+02	6.295376e+04	2.026905e+00	-7.356854e-01	3.649459e+00	1.252929e-03	6.648657e-04	7.517226e-03	1.152285e-03	
0	29	4	8	-2.174507e-01	9.643467e-04	-1.367193e-01	3.580790e-06	4.075738e-05	6.207503e-06	0.000000e+00	0.000000e+00	0.000000e+00	9.982000e+02	6.351112e+04	2.140211e+00	-7.468372e-01	3.669024e+00	2.564274e-04	2.285895e-04	2.595413e-03	3.962624e-04	
0	30	4	1	-1.163161e-01	-9.757141e-04	-1.835829e-01	4.817453e-06	4.477981e-05	8.332401e-06	0.000000e+00	0.000000e+00	0.000000e+00	9.982000e+02	5.980504e+04	1.943420e+00	-8.173922e-01	3.269205e+00	1.888429e-06	2.886311e-04	2.682886e-03	4.992243e-04	
0	30	4	2	-1.266081e-01	-8.749833e-04	-1.781867e-01	1.380608e-05	1.298587e-04	2.392832e-05	0.000000e+00	0.000000e+00	0.000000e+00	9.982000e+02	6.046076e+04	2.134352e+00	-8.781211e-01	3.534079e+00	2.788742e-03	8.474223e-04	7.912429e-03	1.468267e-03	
0	30	4	3	-1.420603e-01	-7.446056e-04	-1.699815e-01	1.389786e-05	1.324392e-04	2.407945e-05	0.000000e+00	0.000000e+00	0.000000e+00	9.982000e+02	6.088565e+04	2.091344e+00	-8.703076e-01	3.579719e+00	2.694948e-03	8.587343e-04	8.127316e-03	1.487726e-03	
0	30	4	4	-1.576182e-01	-6.398583e-04	-1.615824e-01	1.366867e-05	1.317707e-04	2.368968e-05	0.000000e+00	0.000000e+00	0.000000e+00	9.982000e+02	6.164272e+04	1.999940e+00	-8.433817e-01	3.537256e+00	2.910128e-03	8.554173e-04	8.188064e-03	1.482762e-03	
0	30	4	5	-1.731053e-01	-5.543397e-04	-1.531212e-01	1.348618e-05	1.311734e-04	2.335723e-05	0.000000e+00	0.000000e+00	0.000000e+00	9.982000e+02	6.202222e+04	1.992455e+00	-8.438768e-01	3.588764e+00	2.936104e-03	8.497620e-04	8.205961e-03	1.472141e-03	
0	30	4	6	-1.885353e-01	-4.844814e-04	-1.446066e-01	1.333791e-05	1.307561e-04	2.310475e-05	0.000000e+00	0.000000e+00	0.000000e+00	9.982000e+02	6.252670e+04	1.998603e+00	-8.491722e-01	3.651943e+00	2.572334e-03	8.465346e-04	8.246379e-03	1.466909e-03	
0	30	4	7	-2.037482e-01	-4.266128e-04	-1.361559e-01	1.290226e-05	1.273953e-04	2.236512e-05	0.000000e+00	0.000000e+00	0.000000e+00	9.982000e+02	6.255282e+04	2.065472e+00	-8.570983e-01	3.690613e+00	1.863214e-03	8.160413e-04	8.017916e-03	1.414754e-03	
0	30	4	8	-2.138386e-01	-3.908783e-04	-1.305370e-01	4.414614e-06	4.373528e-05	7.644292e-06	0.000000e+00	0.000000e+00	0.000000e+00	9.982000e+02	6.302985e+04	2.147235e+00	-8.674023e-01	3.722630e+00	5.026087e-04	2.808228e-04	2.770965e-03	4.862716e-04	
0	31	4	1	-1.124853e-01	-2.759683e-03	-1.770085e-01	5.790165e-06	4.559194e-05	1.000800e-05	0.000000e+00	0.000000e+00	0.000000e+00	9.982000e+02	5.911647e+04	2.037459e+00	-1.002031e+00	3.386021e+00	1.096759e-03	3.451632e-04	2.699155e-03	5.964479e-04	
0	31	4	2	-1.227737e-01	-2.638649e-03	-1.716263e-01	1.662594e-05	1.325849e-04	2.883571e-05	0.000000e+00	0.000000e+00	0.000000e+00	9.982000e+02	5.993654e+04	2.218983e+00	-1.059903e+00	3.593960e+00	3.255276e-03	1.012515e-03	8.013481e-03	1.755254e-03	
0	31	4	3	-1.382206e-01	-2.481749e-03	-1.634405e-01	1.680536e-05	1.357202e-04	2.911151e-05	0.000000e+00	0.000000e+00	0.000000e+00	9.982000e+02	6.043262e+04	2.178159e+00	-1.046150e+00	3.619836e+00	3.285619e-03	1.032392e-03	8.276545e-03	1.787883e-03	
0	31	4	4	-1.537741e-01	-2.355293e-03	-1.550596e-01	1.657927e-05	1.354383e-04	2.875512e-05	0.000000e+00	0.000000e+00	0.000000e+00	9.982000e+02	6.118881e+04	2.092674e+00	-1.016319e+00	3.580353e+00	3.564432e-03	1.031968e-03	8.365949e-03	1.789673e-03	
0	31	4	5	-1.692631e-01	-2.251585e-03	-1.466123e-01	1.643296e-05	1.352536e-04	2.845489e-05	0.000000e+00	0.000000e+00	0.000000e+00	9.982000e+02	6.158706e+04	2.081521e+00	-1.015906e+00	3.626775e+00	3.592017e-03	1.030110e-03	8.413500e-03	1.783793e-03	
0	31	4	6	-1.847107e-01	-2.166578e-03	-1.380991e-01	1.630305e-05	1.352791e-04	2.824580e-05	0.000000e+00	0.000000e+00	0.000000e+00	9.982000e+02	6.210638e+04	2.078127e+00	-1.021205e+00	3.691448e+00	3.258831e-03	1.030403e-03	8.490743e-03	1.785519e-03	
0	31	4	7	-1.999523e-01	-2.096469e-03	-1.296402e-01	1.581175e-05	1.320563e-04	2.740425e-05	0.000000e+00	0.000000e+00	0.000000e+00	9.982000e+02	6.216954e+04	2.120389e+00	-1.029251e+00	3.736355e+00	2.661848e-03	9.975006e-04	8.281147e-03	1.728989e-03	
0	31	4	8	-2.100608e-01	-2.053175e-03	-1.240163e-01	5.408741e-06	4.533796e-05	9.372485e-06	0.000000e+00	0.000000e+00	0.000000e+00	9.982000e+02	6.280590e+04	2.182085e+00	-1.038322e+00	3.763470e+00	7.604881e-04	3.441408e-04	2.870033e-03	5.963275e-04	
0	32	4	1	-1.086102e-01	-4.847859e-03	-1.704366e-01	6.621694e-06	4.494302e-05	1.143943e-05	0.000000e+00	0.000000e+00	0.000000e+00	9.982000e+02	5.816814e+04	2.162843e+00	-1.217324e+00	3.530643e+00	1.210031e-03	3.888123e-04	2.619767e-03	6.714502e-04	
0	32	4	2	-1.188894e-01	-4.710179e-03	-1.650476e-01	1.908222e-05	1.310521e-04	3.309445e-05	0.000000e+00	0.000000e+00	0.000000e+00	9.982000e+02	5.917555e+04	2.327884e+00	-1.266979e+00	3.674908e+00	3.391500e-03	1.146977e-03	7.818836e-03	1.987980e-03	
0	32	4	3	-1.343234e-01	-4.531294e-03	-1.568548e-01	1.939760e-05	1.346272e-04	3.359792e-05	0.000000e+00	0.000000e+00	0.000000e+00	9.982000e+02	5.973936e+04	2.289134e+00	-1.248710e+00	3.681973e+00	3.569263e-03	1.178670e-03	8.119525e-03	2.040522e-03	
0	32	4	4	-1.498714e-01	-4.387187e-03	-1.484674e-01	1.922143e-05	1.348574e-04	3.336381e-05	0.000000e+00	0.000000e+00	0.000000e+00	9.982000e+02	6.050425e+04	2.196498e+00	-1.215750e+00	3.648658e+00	3.934757e-03	1.184240e-03	8.243504e-03	2.054911e-03	
0	32	4	5	-1.653708e-01	-4.268579e-03	-1.400079e-01	1.915602e-05	1.351809e-04	3.316602e-05	0.000000e+00	0.000000e+00	0.000000e+00	9.982000e+02	6.094861e+04	2.174510e+00	-1.214047e+00	3.692363e+00	3.976064e-03	1.189418e-03	8.328010e-03	2.059025e-03	
0	32	4	6	-1.808389e-01	-4.170524e-03	-1.314778e-01	1.906276e-05	1.354920e-04	3.302811e-05	0.000000e+00	0.000000e+00	0.000000e+00	9.982000e+02	6.146128e+04	2.166404e+00	-1.219810e+00	3.753677e+00	3.685423e-03	1.193579e-03	8.422639e-03	2.067994e-03	
0	32	4	7	-1.960905e-01	-4.090397e-03	-1.230062e-01	1.850584e-05	1.323007e-04	3.207468e-05	0.000000e+00	0.000000e+00	0.000000e+00	9.982000e+02	6.153090e+04	2.198128e+00	-1.228429e+00	3.798753e+00	3.249323e-03	1.158298e-03	8.226002e-03	2.007549e-03	
0	32	4	8	-2.061991e-01	-4.040936e-03	-1.173790e-01	6.337520e-06	4.547707e-05	1.099111e-05	0.000000e+00	0.000000e+00	0.000000e+00	9.982000e+02	6.216529e+04	2.234597e+00	-1.234232e+00	3.818311e+00	9.320198e-04	4.000511e-04	2.854666e-03	6.937519e-04	
0	33	4	1	-1.047998e-01	-7.168013e-03	-1.640822e-01	7.176856e-06	4.294745e-05	1.237762e-05	0.000000e+00	0.000000e+00	0.000000e+00	9.982000e+02	5.701396e+04	2.305979e+00	-1.448492e+00	3.688864e+00	1.200492e-03	4.129721e-04	2.453032e-03	7.118889e-04	
0	33	4	2	-1.150657e-01	-7.021092e-03	-1.586665e-01	2.073740e-05	1.255334e-04	3.596596e-05	0.000000e+00	0.000000e+00	0.000000e+00	9.982000e+02	5.827579e+04	2.446260e+00	-1.483966e+00	3.769071e+00	3.286614e-03	1.226600e-03	7.371846e-03	2.125797e-03	
0	33	4	3	-1.304859e-01	-6.830280e-03	-1.504381e-01	2.121288e-05	1.294743e-04	3.673913e-05	0.000000e+00	0.000000e+00	0.000000e+00	9.982000e+02	5.889752e+04	2.406127e+00	-1.462099e+00	3.763381e+00	3.541944e-03	1.270463e-03	7.697421e-03	2.198913e-03	
0	33	4	4	-1.460338e-01	-6.676124e-03	-1.420153e-01	2.113297e-05	1.302227e-04	3.667781e-05	0.000000e+00	0.000000e+00	0.000000e+00	9.982000e+02	5.969692e+04	2.307293e+00	-1.425560e+00	3.731966e+00	3.951291e-03	1.284607e-03	7.854358e-03	2.228450e-03	
0	33	4	5	-1.615414e-01	-6.549238e-03	-1.335233e-01	2.113113e-05	1.308281e-04	3.660240e-05	0.000000e+00	0.000000e+00	0.000000e+00	9.982000e+02	6.015475e+04	2.272361e+00	-1.423930e+00	3.777689e+00	4.057846e-03	1.295353e-03	7.957360e-03	2.243108e-03	
0	33	4	6	-1.770112e-01	-6.443844e-03	-1.249703e-01	2.109178e-05	1.312536e-04	3.653775e-05	0.000000e+00	0.000000e+00	0.000000e+00	9.982000e+02	6.068566e+04	2.256948e+00	-1.430955e+00	3.837538e+00	3.800406e-03	1.304556e-03	8.059764e-03	2.259635e-03	
0	33	4	7	-1.922598e-01	-6.357567e-03	-1.164810e-01	2.052258e-05	1.283373e-04	3.557303e-05	0.000000e+00	0.000000e+00	0.000000e+00	9.982000e+02	6.076204e+04	2.289392e+00	-1.441897e+00	3.881169e+00	3.500619e-03	1.270007e-03	7.887093e-03	2.201074e-03	
0	33	4	8	-2.023669e-01	-6.304667e-03	-1.108420e-01	7.037673e-06	4.415270e-05	1.220641e-05	0.000000e+00	0.000000e+00	0.000000e+00	9.982000e+02	6.154562e+04	2.300055e+00	-1.439024e+00	3.879090e+00	8.085324e-04	4.387653e-04	2.739932e-03	7.609221e-04	
0	34	4	1	-1.011500e-01	-9.611752e-03	-1.581330e-01	7.386038e-06	3.985163e-05	1.269960e-05	0.000000e+00	0.000000e+00	0.000000e+00	9.982000e+02	5.569845e+04	2.473025e+00	-1.679359e+00	3.831564e+00	1.117841e-03	4.151603e-04	2.223264e-03	7.133583e-04	
0	34	4	2	-1.114035e-01	-9.464674e-03	-1.526711e-01	2.138204e-05	1.168248e-04	3.708785e-05	0.000000e+00	0.000000e+00	0.000000e+00	9.982000e+02	5.727755e+04	2.573553e+00	-1.696798e+00	3.861112e+00	3.031190e-03	1.241994e-03	6.738284e-03	2.152448e-03	
0	34	4	3	-1.268161e-01	-9.274508e-03	-1.443801e-01	2.200650e-05	1.209375e-04	3.811808e-05	0.000000e+00	0.000000e+00	0.000000e+00	9.982000e+02	5.794474e+04	2.524962e+00	-1.673975e+00	3.853310e+00	3.288977e-03	1.295777e-03	7.070087e-03	2.242737e-03	
0	34	4	4	-1.423615e-01	-9.120595e-03	-1.359021e-01	2.202307e-05	1.218809e-04	3.820926e-05	0.000000e+00	0.000000e+00	0.000000e+00	9.982000e+02	5.879557e+04	2.419532e+00	-1.635993e+00	3.823962e+00	3.692305e-03	1.317727e-03	7.237458e-03	2.284826e-03	
0	34	4	5	-1.578606e-01	-8.993954e-03	-1.273669e-01	2.207674e-05	1.227017e-04	3.824278e-05	0.000000e+00	0.000000e+00	0.000000e+00	9.982000e+02	5.924701e+04	2.376940e+00	-1.635276e+00	3.874614e+00	3.856187e-03	1.332694e-03	7.350194e-03	2.307641e-03	
0	34	4	6	-1.733248e-01	-8.888630e-03	-1.187793e-01	2.211413e-05	1.234432e-04	3.831613e-05	0.000000e+00	0.000000e+00	0.000000e+00	9.982000e+02	5.976547e+04	2.357836e+00	-1.643641e+00	3.934499e+00	3.680817e-03	1.346992e-03	7.464915e-03	2.333314e-03	
0	34	4	7	-1.885708e-01	-8.801931e-03	-1.102620e-01	2.156853e-05	1.208182e-04	3.738985e-05	0.000000e+00	0.000000e+00	0.000000e+00	9.982000e+02	5.979645e+04	2.389003e+00	-1.658681e+00	3.981606e+00	3.500794e-03	1.314444e-03	7.310683e-03	2.278077e-03	
0	34	4	8	-1.986728e-01	-8.749176e-03	-1.046054e-01	7.410537e-06	4.160279e-05	1.284878e-05	0.000000e+00	0.000000e+00	0.000000e+00	9.982000e+02	6.074933e+04	2.376926e+00	-1.644278e+00	3.953078e+00	6.554703e-04	4.549847e-04	2.544506e-03	7.887662e-04	
0	35	4	1	-9.774120e-02	-1.206178e-02	-1.527310e-01	7.259278e-06	3.598743e-05	1.245613e-05	0.000000e+00	0.000000e+00	0.000000e+00	9.982000e+02	5.443924e+04	2.643352e+00	-1.903128e+00	3.957880e+00	9.628965e-04	3.985518e-04	1.961383e-03	6.833141e-04	
0	35	4	2	-1.079874e-01	-1.192333e-02	-1.472035e-01	2.107623e-05	1.058426e-04	3.651777e-05	0.000000e+00	0.000000e+00	0.000000e+00	9.982000e+02	5.628770e+04	2.703863e+00	-1.897523e+00	3.939219e+00	2.684515e-03	1.201886e-03	5.994353e-03	2.080445e-03	
0	35	4	3	-1.233909e-01	-1.174633e-02	-1.388296e-01	2.175210e-05	1.099510e-04	3.770325e-05	0.000000e+00	0.000000e+00	0.000000e+00	9.982000e+02	5.695309e+04	2.643121e+00	-1.873806e+00	3.939537e+00	2.923825e-03	1.258044e-03	6.314742e-03	2.178705e-03	
0	35	4	4	-1.389253e-01	-1.160316e-02	-1.302892e-01	2.185270e-05	1.109451e-04	3.790968e-05	0.000000e+00	0.000000e+00	0.000000e+00	9.982000e+02	5.784249e+04	2.525675e+00	-1.836346e+00	3.918282e+00	3.272259e-03	1.285113e-03	6.476775e-03	2.227873e-03	
0	35	4	5	-1.544170e-01	-1.148501e-02	-1.216989e-01	2.198871e-05	1.118862e-04	3.808869e-05	0.000000e+00	0.000000e+00	0.000000e+00	9.982000e+02	5.825966e+04	2.482042e+00	-1.842254e+00	3.978764e+00	3.492714e-03	1.304723e-03	6.588694e-03	2.258910e-03	
0	35	4	6	-1.698755e-01	-1.138704e-02	-1.130643e-01	2.206677e-05	1.126599e-04	3.823664e-05	0.000000e+00	0.000000e+00	0.000000e+00	9.982000e+02	5.876526e+04	2.460342e+00	-1.852986e+00	4.039724e+00	3.405761e-03	1.321271e-03	6.696899e-03	2.288696e-03	
0	35	4	7	-1.851110e-01	-1.130628e-02	-1.045114e-01	2.156996e-05	1.104830e-04	3.738813e-05	0.000000e+00	0.000000e+00	0.000000e+00	9.982000e+02	5.874992e+04	2.496648e+00	-1.871481e+00	4.089914e+00	3.301393e-03	1.291581e-03	6.567534e-03	2.237967e-03	
0	35	4	8	-1.952075e-01	-1.125729e-02	-9.883396e-02	7.414915e-06	3.807255e-05	1.287510e-05	0.000000e+00	0.000000e+00	0.000000e+00	9.982000e+02	5.989154e+04	2.467520e+00	-1.845350e+00	4.035755e+00	5.030970e-04	4.478928e-04	2.292478e-03	7.775860e-04	
0	36	4	1	-9.463452e-02	-1.441401e-02	-1.479539e-01	6.868582e-06	3.180389e-05	1.173802e-05	0.000000e+00	0.000000e+00	0.000000e+00	9.982000e+02	5.314902e+04	2.799549e+00	-2.108029e+00	4.073482e+00	7.565031e-04	3.678336e-04	1.691818e-03	6.280680e-04	
0	36	4	2	-1.048737e-01	-1.429171e-02	-1.423531e-01	1.993418e-05	9.356238e-05	3.452603e-05	0.000000e+00	0.000000e+00	0.000000e+00	9.982000e+02	5.536883e+04	2.825198e+00	-2.079235e+00	4.003360e+00	2.296319e-03	1.117095e-03	5.208054e-03	1.932762e-03	
0	36	4	3	-1.202630e-01	-1.413814e-02	-1.338889e-01	2.063347e-05	9.724665e-05	3.577151e-05	0.000000e+00	0.000000e+00	0.000000e+00	9.982000e+02	5.601213e+04	2.753865e+00	-2.061860e+00	4.016804e+00	2.511711e-03	1.172818e-03	5.489959e-03	2.031367e-03	
0	36	4	4	-1.357905e-01	-1.401422e-02	-1.252719e-01	2.082710e-05	9.859792e-05	3.612304e-05	0.000000e+00	0.000000e+00	0.000000e+00	9.982000e+02	5.691184e+04	2.622390e+00	-2.021414e+00	4.005489e+00	2.802743e-03	1.203816e-03	5.658776e-03	2.086402e-03	
0	36	4	5	-1.512783e-01	-1.391153e-02	-1.166177e-01	2.098534e-05	9.958281e-05	3.635403e-05	0.000000e+00	0.000000e+00	0.000000e+00	9.982000e+02	5.722935e+04	2.581232e+00	-2.034845e+00	4.083936e+00	3.057305e-03	1.222264e-03	5.756706e-03	2.116204e-03	
0	36	4	6	-1.667216e-01	-1.382688e-02	-1.079364e-01	2.109143e-05	1.003077e-04	3.654831e-05	0.000000e+00	0.000000e+00	0.000000e+00	9.982000e+02	5.771716e+04	2.558796e+00	-2.048281e+00	4.144915e+00	3.055750e-03	1.239447e-03	5.851498e-03	2.146892e-03	
0	36	4	7	-1.819477e-01	-1.375727e-02	-9.934211e-02	2.068363e-05	9.851629e-05	3.585220e-05	0.000000e+00	0.000000e+00	0.000000e+00	9.982000e+02	5.763990e+04	2.603514e+00	-2.075663e+00	4.201598e+00	3.041002e-03	1.214835e-03	5.742579e-03	2.104800e-03	
0	36	4	8	-1.920435e-01	-1.371447e-02	-9.363816e-02	7.110212e-06	3.396580e-05	1.234830e-05	0.000000e+00	0.000000e+00	0.000000e+00	9.982000e+02	5.890118e+04	2.560605e+00	-2.036535e+00	4.127379e+00	4.848201e-04	4.225056e-04	2.011447e-03	7.336098e-04	
0	37	4	1	-9.186293e-02	-1.659131e-02	-1.438316e-01	6.296419e-06	2.743650e-05	1.070135e-05	0.000000e+00	0.000000e+00	0.000000e+00	9.982000e+02	5.200531e+04	2.946711e+00	-2.297043e+00	4.155466e+00	6.371371e-04	3.299142e-04	1.427969e-03	5.601755e-04	
0	37	4	2	-1.020926e-01	-1.649008e-02	-1.381576e-01	1.821587e-05	8.082286e-05	3.156243e-05	0.000000e+00	0.000000e+00	0.000000e+00	9.982000e+02	5.458646e+04	2.927991e+00	-2.242832e+00	4.053432e+00	1.917136e-03	1.005536e-03	4.432402e-03	1.740322e-03	
0	37	4	3	-1.174762e-01	-1.636703e-02	-1.295950e-01	1.895246e-05	8.441973e-05	3.284039e-05	0.000000e+00	0.000000e+00	0.000000e+00	9.982000e+02	5.509646e+04	2.845354e+00	-2.229301e+00	4.088579e+00	2.099964e-03	1.058653e-03	4.684393e-03	1.832638e-03	
0	37	4	4	-1.330011e-01	-1.626834e-02	-1.208931e-01	1.915709e-05	8.558674e-05	3.322200e-05	0.000000e+00	0.000000e+00	0.000000e+00	9.982000e+02	5.604922e+04	2.703658e+00	-2.189104e+00	4.080553e+00	2.339805e-03	1.089082e-03	4.832411e-03	1.887247e-03	
0	37	4	5	-1.484712e-01	-1.618573e-02	-1.121800e-01	1.931012e-05	8.635740e-05	3.344691e-05	0.000000e+00	0.000000e+00	0.000000e+00	9.982000e+02	5.621431e+04	2.671694e+00	-2.215035e+00	4.176588e+00	2.666124e-03	1.103722e-03	4.898492e-03	1.910544e-03	
0	37	4	6	-1.639058e-01	-1.611862e-02	-1.034472e-01	1.948102e-05	8.729773e-05	3.377931e-05	0.000000e+00	0.000000e+00	0.000000e+00	9.982000e+02	5.672607e+04	2.647751e+00	-2.230686e+00	4.237889e+00	2.739523e-03	1.123859e-03	4.997861e-03	1.947756e-03	
0	37	4	7	-1.791381e-01	-1.606409e-02	-9.480242e-02	1.913630e-05	8.581605e-05	3.317303e-05	0.000000e+00	0.000000e+00	0.000000e+00	9.982000e+02	5.654230e+04	2.703100e+00	-2.267340e+00	4.306114e+00	2.771614e-03	1.101357e-03	4.899407e-03	1.908162e-03	
0	37	4	8	-1.892273e-01	-1.602899e-02	-8.907139e-02	6.579918e-06	2.953690e-05	1.139299e-05	0.000000e+00	0.000000e+00	0.000000e+00	9.982000e+02	5.792195e+04	2.655911e+00	-2.218821e+00	4.218510e+00	5.922449e-04	3.856599e-04	1.722888e-03	6.675362e-04	
0	38	4	1	-8.943557e-02	-1.854846e-02	-1.403549e-01	5.617011e-06	2.323424e-05	9.505677e-06	0.000000e+00	0.000000e+00	0.000000e+00	9.982000e+02	5.109888e+04	3.078490e+00	-2.459273e+00	4.191962e+00	3.779135e-04	2.887041e-04	1.188462e-03	4.881892e-04	
0	38	4	2	-9.966225e-02	-1.847102e-02	-1.346040e-01	1.625256e-05	6.857863e-05	2.815094e-05	0.000000e+00	0.000000e+00	0.000000e+00	9.982000e+02	5.399922e+04	2.998767e+00	-2.386800e+00	4.083197e+00	1.614168e-03	8.865310e-04	3.716567e-03	1.533756e-03	
0	38	4	3	-1.150489e-01	-1.838238e-02	-1.259375e-01	1.696177e-05	7.175385e-05	2.938352e-05	0.000000e+00	0.000000e+00	0.000000e+00	9.982000e+02	5.429409e+04	2.911036e+00	-2.388164e+00	4.151431e+00	1.789365e-03	9.335781e-04	3.923161e-03	1.615674e-03	
0	38	4	4	-1.305602e-01	-1.831143e-02	-1.171621e-01	1.711197e-05	7.260764e-05	2.967789e-05	0.000000e+00	0.000000e+00	0.000000e+00	9.982000e+02	5.528205e+04	2.764238e+00	-2.344269e+00	4.141475e+00	1.962106e-03	9.583940e-04	4.039085e-03	1.660894e-03	
0	38	4	5	-1.460156e-01	-1.825098e-02	-1.083917e-01	1.732508e-05	7.358021e-05	2.999991e-05	0.000000e+00	0.000000e+00	0.000000e+00	9.982000e+02	5.522005e+04	2.748835e+00	-2.383046e+00	4.257388e+00	2.404023e-03	9.732309e-04	4.099806e-03	1.684025e-03	
0	38	4	6	-1.614691e-01	-1.820388e-02	-9.959066e-02	1.752773e-05	7.464395e-05	3.040462e-05	0.000000e+00	0.000000e+00	0.000000e+00	9.982000e+02	5.575208e+04	2.721232e+00	-2.395083e+00	4.311233e+00	2.565513e-03	9.931895e-04	4.194006e-03	1.721792e-03	
0	38	4	7	-1.767070e-01	-1.816687e-02	-9.089525e-02	1.718222e-05	7.316790e-05	2.979204e-05	0.000000e+00	0.000000e+00	0.000000e+00	9.982000e+02	5.546328e+04	2.783112e+00	-2.441436e+00	4.390928e+00	2.646913e-03	9.689902e-04	4.088745e-03	1.678967e-03	
0	38	4	8	-1.867725e-01	-1.814086e-02	-8.514891e-02	5.903677e-06	2.508479e-05	1.020129e-05	0.000000e+00	0.000000e+00	0.000000e+00	9.982000e+02	5.677911e+04	2.747485e+00	-2.395437e+00	4.300316e+00	8.666360e-04	3.422308e-04	1.442070e-03	5.909712e-04	
0	39	4	1	-8.734539e-02	-2.027277e-02	-1.374792e-01	4.943250e-06	1.930977e-05	8.329715e-06	0.000000e+00	0.000000e+00	0.000000e+00	9.982000e+02	5.036986e+04	3.198808e+00	-2.624976e+00	4.186837e+00	3.608506e-04	2.505939e-04	9.734443e-04	4.218328e-04	
0	39	4	2	-9.758199e-02	-2.022050e-02	-1.316495e-01	1.431207e-05	5.717672e-05	2.479887e-05	0.000000e+00	0.000000e+00	0.000000e+00	9.982000e+02	5.361980e+04	3.063700e+00	-2.535306e+00	4.077306e+00	1.423175e-03	7.749205e-04	3.074852e-03	1.340967e-03	
0	39	4	3	-1.129680e-01	-2.016750e-02	-1.228918e-01	1.491728e-05	5.963673e-05	2.584577e-05	0.000000e+00	0.000000e+00	0.000000e+00	9.982000e+02	5.373706e+04	2.968110e+00	-2.564769e+00	4.204879e+00	1.603255e-03	8.134986e-04	3.229230e-03	1.407966e-03	
0	39	4	4	-1.284606e-01	-2.012410e-02	-1.140520e-01	1.508860e-05	6.047912e-05	2.615305e-05	0.000000e+00	0.000000e+00	0.000000e+00	9.982000e+02	5.472094e+04	2.811413e+00	-2.512221e+00	4.187528e+00	1.823185e-03	8.364955e-04	3.327922e-03	1.448644e-03	
0	39	4	5	-1.439317e-01	-2.008719e-02	-1.052076e-01	1.535875e-05	6.164513e-05	2.659731e-05	0.000000e+00	0.000000e+00	0.000000e+00	9.982000e+02	5.443908e+04	2.827915e+00	-2.579628e+00	4.345863e+00	2.217077e-03	8.546269e-04	3.399647e-03	1.478763e-03	
0	39	4	6	-1.594163e-01	-2.006149e-02	-9.633266e-02	1.554435e-05	6.251121e-05	2.696173e-05	0.000000e+00	0.000000e+00	0.000000e+00	9.982000e+02	5.514815e+04	2.792007e+00	-2.580852e+00	4.374061e+00	2.474018e-03	8.726632e-04	3.475540e-03	1.512475e-03	
0	39	4	7	-1.746425e-01	-2.004220e-02	-8.759963e-02	1.517104e-05	6.105729e-05	2.631831e-05	0.000000e+00	0.000000e+00	0.000000e+00	9.982000e+02	5.480028e+04	2.849449e+00	-2.631152e+00	4.461606e+00	2.687481e-03	8.458632e-04	3.366703e-03	1.466083e-03	
0	39	4	8	-1.846758e-01	-2.002542e-02	-8.184927e-02	5.203987e-06	2.088257e-05	8.992922e-06	0.000000e+00	0.000000e+00	0.000000e+00	9.982000e+02	5.590047e+04	2.837830e+00	-2.602483e+00	4.401072e+00	6.221374e-04	2.961419e-04	1.179750e-03	5.114441e-04	
0	40	4	1	-8.558626e-02	-2.177371e-02	-1.351400e-01	4.309442e-06	1.581444e-05	7.251176e-06	0.000000e+00	0.000000e+00	0.000000e+00	9.982000e+02	5.024704e+04	3.280405e+00	-2.796609e+00	4.149684e+00	2.332691e-05	2.170038e-04	7.959965e-04	3.651041e-04	
0	40	4	2	-9.583400e-02	-2.174657e-02	-1.292365e-01	1.246877e-05	4.684056e-05	2.158907e-05	0.000000e+00	0.000000e+00	0.000000e+00	9.982000e+02	5.353255e+04	3.073910e+00	-2.687686e+00	4.055983e+00	4.507241e-04	6.700749e-04	2.510809e-03	1.159630e-03	
0	40	4	3	-1.112088e-01	-2.172755e-02	-1.204031e-01	1.294932e-05	4.882444e-05	2.244625e-05	0.000000e+00	0.000000e+00	0.000000e+00	9.982000e+02	5.354955e+04	3.001476e+00	-2.746636e+00	4.242843e+00	1.496742e-03	6.991640e-04	2.615187e-03	1.210487e-03	
0	40	4	4	-1.267003e-01	-2.171199e-02	-1.114992e-01	1.319755e-05	4.969020e-05	2.287316e-05	0.000000e+00	0.000000e+00	0.000000e+00	9.982000e+02	5.433026e+04	2.828998e+00	-2.695594e+00	4.223674e+00	1.377995e-03	7.222103e-04	2.700882e-03	1.250752e-03	
0	40	4	5	-1.422118e-01	-2.170065e-02	-1.025723e-01	1.349349e-05	5.072617e-05	2.337821e-05	0.000000e+00	0.000000e+00	0.000000e+00	9.982000e+02	5.376986e+04	2.908486e+00	-2.829778e+00	4.461341e+00	1.859229e-03	7.413428e-04	2.761606e-03	1.283328e-03	
0	40	4	6	-1.577201e-01	-2.169644e-02	-9.363348e-02	1.362608e-05	5.126459e-05	2.362421e-05	0.000000e+00	0.000000e+00	0.000000e+00	9.982000e+02	5.408289e+04	2.840052e+00	-2.792180e+00	4.420940e+00	2.377373e-03	7.490237e-04	2.786288e-03	1.297421e-03	
0	40	4	7	-1.729201e-01	-2.169265e-02	-8.487538e-02	1.324707e-05	4.996217e-05	2.297146e-05	0.000000e+00	0.000000e+00	0.000000e+00	9.982000e+02	5.380433e+04	2.885117e+00	-2.836243e+00	4.504960e+00	2.677362e-03	7.243209e-04	2.695480e-03	1.254693e-03	
0	40	4	8	-1.829203e-01	-2.168431e-02	-7.912428e-02	4.533618e-06	1.708928e-05	7.848781e-06	0.000000e+00	0.000000e+00	0.000000e+00	9.982000e+02	5.448910e+04	2.946364e+00	-2.859374e+00	4.523883e+00	3.909474e-04	2.497950e-04	9.361894e-04	4.322291e-04	
3	1	5	1	-8.477223e-02	-2.232592e-02	-1.340027e-01	8.796922e-07	-1.073819e-06	1.517847e-06	0.000000e+00	0.000000e+00	0.000000e+00	9.982000e+02	3.054018e+04	5.012984e-01	1.644597e-01	-1.741865e-01	-4.810003e-19	-3.084069e-05	3.764647e-05	-5.321343e-05	
3	1	5	2	-9.502141e-02	-2.231131e-02	-1.280667e-01	2.537568e-06	-3.081152e-06	4.392805e-06	0.000000e+00	0.000000e+00	0.000000e+00	9.982000e+02	3.817800e+04	9.103826e-01	3.025992e-01	-3.136499e-01	4.565745e-19	-9.701337e-05	1.177951e-04	-1.679407e-04	
3	1	5	3	-1.103835e-01	-2.230826e-02	-1.192013e-01	2.575745e-06	-3.123366e-06	4.469750e-06	0.000000e+00	0.000000e+00	0.000000e+00	9.982000e+02	4.172781e+04	9.618616e-01	4.169467e-01	-2.629305e-01	-3.982683e-04	-9.666289e-05	1.162830e-04	-1.665984e-04	
3	1	5	4	-1.258801e-01	-2.230669e-02	-1.102655e-01	2.587290e-06	-3.127521e-06	4.485139e-06	0.000000e+00	0.000000e+00	0.000000e+00	9.982000e+02	4.389956e+04	9.912884e-01	4.157086e-01	-2.819564e-01	-3.213340e-04	-1.057679e-04	1.271227e-04	-1.824380e-04	
3	1	5	5	-1.414143e-01	-2.230890e-02	-1.012982e-01	2.597493e-06	-3.150014e-06	4.495052e-06	0.000000e+00	0.000000e+00	0.000000e+00	9.982000e+02	4.500055e+04	1.015134e+00	5.032017e-01	-2.339709e-01	-4.727727e-04	-9.708528e-05	1.164230e-04	-1.663940e-04	
3	1	5	6	-1.569300e-01	-2.231572e-02	-9.233166e-02	2.575285e-06	-3.141237e-06	4.451059e-06	0.000000e+00	0.000000e+00	0.000000e+00	9.982000e+02	4.531876e+04	9.774169e-01	4.190520e-01	-2.697752e-01	-5.244036e-04	-9.583830e-05	1.155208e-04	-1.638765e-04	
3	1	5	7	-1.721124e-01	-2.231914e-02	-8.356453e-02	2.466779e-06	-3.028635e-06	4.278114e-06	0.000000e+00	0.000000e+00	0.000000e+00	9.982000e+02	4.791763e+04	7.225609e-01	4.238760e-01	-1.165543e-01	2.164501e-18	-1.044859e-04	1.282846e-04	-1.812090e-04	
3	1	5	8	-1.820934e-01	-2.231478e-02	-7.781427e-02	8.356724e-07	-1.032215e-06	1.457158e-06	0.000000e+00	0.000000e+00	0.000000e+00	9.982000e+02	5.217505e+04	3.751674e-01	3.266345e-01	1.622332e-02	-5.411253e-19	-3.665425e-05	4.527499e-05	-6.391383e-05	
3	1	6	1	-8.473595e-02	-2.201936e-02	-1.338063e-01	9.896580e-07	-1.214420e-06	1.709116e-06	0.000000e+00	0.000000e+00	0.000000e+00	9.982000e+02	3.798968e+04	2.685415e-01	-4.299188e-01	-4.609788e-01	-1.503126e-19	-4.306329e-05	5.284343e-05	-7.436928e-05	
3	1	6	2	-9.497976e-02	-2.200489e-02	-1.278754e-01	2.854844e-06	-3.480932e-06	4.942620e-06	0.000000e+00	0.000000e+00	0.000000e+00	9.982000e+02	4.375369e+04	3.272459e-01	-2.703277e-01	-3.793996e-01	-8.417505e-19	-1.383089e-04	1.686410e-04	-2.394556e-04	
3	1	6	3	-1.103337e-01	-2.200143e-02	-1.190152e-01	2.899535e-06	-3.528873e-06	5.031960e-06	0.000000e+00	0.000000e+00	0.000000e+00	9.982000e+02	4.604690e+04	-6.737897e-02	-9.050568e-02	-2.464555e-02	7.215004e-19	-1.454410e-04	1.770086e-04	-2.524036e-04	
3	1	6	4	-1.258277e-01	-2.199919e-02	-1.100809e-01	2.914083e-06	-3.534942e-06	5.051880e-06	0.000000e+00	0.000000e+00	0.000000e+00	9.982000e+02	4.689277e+04	-2.839162e-01	-2.737804e-02	1.446146e-01	1.202501e-19	-1.477776e-04	1.792623e-04	-2.561885e-04	
3	1	6	5	-1.413613e-01	-2.200177e-02	-1.011134e-01	2.926067e-06	-3.555101e-06	5.062456e-06	0.000000e+00	0.000000e+00	0.000000e+00	9.982000e+02	4.875091e+04	-3.356845e-01	3.898788e-02	2.214027e-01	-0.000000e+00	-1.509939e-04	1.834540e-04	-2.612380e-04	
3	1	6	6	-1.568741e-01	-2.200980e-02	-9.214792e-02	2.900024e-06	-3.542376e-06	5.011933e-06	0.000000e+00	0.000000e+00	0.000000e+00	9.982000e+02	4.723818e+04	-5.184222e-01	-3.489627e-02	2.753072e-01	1.202501e-19	-1.450013e-04	1.771190e-04	-2.505969e-04	
3	1	6	7	-1.720510e-01	-2.201374e-02	-8.338347e-02	2.778252e-06	-3.418758e-06	4.817694e-06	0.000000e+00	0.000000e+00	0.000000e+00	9.982000e+02	4.206027e+04	-3.569261e-01	-3.815132e-02	1.787578e-01	6.613754e-19	-1.259910e-04	1.550373e-04	-2.184777e-04	
3	1	6	8	-1.820276e-01	-2.200910e-02	-7.763517e-02	9.409845e-07	-1.165053e-06	1.641042e-06	0.000000e+00	0.000000e+00	0.000000e+00	9.982000e+02	4.274330e+04	-8.955129e-02	-7.288028e-02	-3.918390e-04	2.254689e-20	-4.183484e-05	5.179661e-05	-7.295842e-05	
3	1	7	1	-8.469722e-02	-2.169516e-02	-1.335985e-01	9.858937e-07	-1.208610e-06	1.703610e-06	0.000000e+00	0.000000e+00	0.000000e+00	9.982000e+02	3.861779e+04	3.223414e-01	-1.151819e+00	-1.003689e+00	4.321487e-20	-3.848273e-05	4.717611e-05	-6.649759e-05	
3	1	7	2	-9.493467e-02	-2.168059e-02	-1.276727e-01	2.847301e-06	-3.484312e-06	4.930129e-06	0.000000e+00	0.000000e+00	0.000000e+00	9.982000e+02	4.446050e+04	8.346036e-03	-8.918702e-01	-6.351392e-01	-5.561566e-19	-1.295351e-04	1.585153e-04	-2.242913e-04	
3	1	7	3	-1.102800e-01	-2.167663e-02	-1.188179e-01	2.894255e-06	-3.536221e-06	5.023207e-06	0.000000e+00	0.000000e+00	0.000000e+00	9.982000e+02	4.610785e+04	-6.501745e-01	-6.402810e-01	-7.612752e-02	1.052188e-18	-1.370116e-04	1.674018e-04	-2.377945e-04	
3	1	7	4	-1.257713e-01	-2.167362e-02	-1.098853e-01	2.910249e-06	-3.542459e-06	5.045501e-06	0.000000e+00	0.000000e+00	0.000000e+00	9.982000e+02	4.707122e+04	-1.034602e+00	-5.033591e-01	2.433496e-01	1.954064e-18	-1.405343e-04	1.710633e-04	-2.436444e-04	
3	1	7	5	-1.413044e-01	-2.167657e-02	-1.009176e-01	2.923348e-06	-3.561728e-06	5.056682e-06	0.000000e+00	0.000000e+00	0.000000e+00	9.982000e+02	4.850929e+04	-1.144853e+00	-3.878106e-01	3.886988e-01	3.306877e-19	-1.450351e-04	1.767068e-04	-2.508755e-04	
3	1	7	6	-1.568144e-01	-2.168585e-02	-9.195318e-02	2.896446e-06	-3.547113e-06	5.005223e-06	0.000000e+00	0.000000e+00	0.000000e+00	9.982000e+02	4.816214e+04	-1.106415e+00	-3.917684e-01	3.626260e-01	1.803751e-18	-1.417906e-04	1.736430e-04	-2.450223e-04	
3	1	7	7	-1.719854e-01	-2.169032e-02	-8.319170e-02	2.774385e-06	-3.416128e-06	4.810593e-06	0.000000e+00	0.000000e+00	0.000000e+00	9.982000e+02	4.746147e+04	-6.865860e-01	-3.744028e-01	1.300975e-01	-2.036736e-18	-1.327569e-04	1.634649e-04	-2.301914e-04	
3	1	7	8	-1.819575e-01	-2.168538e-02	-7.744548e-02	9.395889e-07	-1.164056e-06	1.638649e-06	0.000000e+00	0.000000e+00	0.000000e+00	9.982000e+02	4.844975e+04	-1.639661e-01	-4.010795e-01	-1.909001e-01	4.133596e-19	-4.596805e-05	5.694980e-05	-8.016859e-05	
3	1	8	1	-8.466112e-02	-2.139018e-02	-1.334032e-01	8.714334e-07	-1.067037e-06	1.505768e-06	0.000000e+00	0.000000e+00	0.000000e+00	9.982000e+02	2.733644e+04	2.379837e-01	-1.743369e+00	-1.373137e+00	-3.880777e-04	7.073147e-06	-6.874384e-06	1.278470e-05	
3	1	8	2	-9.489135e-02	-2.137514e-02	-1.274815e-01	2.518799e-06	-3.092952e-06	4.361694e-06	0.000000e+00	0.000000e+00	0.000000e+00	9.982000e+02	3.392876e+04	-2.799288e-01	-1.508334e+00	-9.079317e-01	-9.878324e-04	-1.476913e-05	2.195100e-05	-2.514152e-05	
3	1	8	3	-1.102285e-01	-2.137062e-02	-1.186318e-01	2.562248e-06	-3.142141e-06	4.447375e-06	0.000000e+00	0.000000e+00	0.000000e+00	9.982000e+02	3.697567e+04	-8.344680e-01	-1.275564e+00	-4.204473e-01	-5.525115e-04	-3.669424e-05	4.716940e-05	-6.424722e-05	
3	1	8	4	-1.257173e-01	-2.136684e-02	-1.097007e-01	2.577632e-06	-3.147766e-06	4.469112e-06	0.000000e+00	0.000000e+00	0.000000e+00	9.982000e+02	3.808415e+04	-1.154538e+00	-1.156704e+00	-1.488124e-01	-2.250627e-04	-4.534263e-05	5.628162e-05	-7.902997e-05	
3	1	8	5	-1.412501e-01	-2.137009e-02	-1.007328e-01	2.590178e-06	-3.164234e-06	4.479520e-06	0.000000e+00	0.000000e+00	0.000000e+00	9.982000e+02	3.968354e+04	-1.248274e+00	-1.040096e+00	-1.291539e-02	-9.299592e-05	-5.357414e-05	6.581396e-05	-9.285133e-05	
3	1	8	6	-1.567575e-01	-2.138053e-02	-9.176947e-02	2.565618e-06	-3.149737e-06	4.433117e-06	0.000000e+00	0.000000e+00	0.000000e+00	9.982000e+02	3.897008e+04	-1.221905e+00	-1.009686e+00	-1.021971e-02	-1.531815e-04	-4.839261e-05	6.001510e-05	-8.393784e-05	
3	1	8	7	-1.719233e-01	-2.138552e-02	-8.301124e-02	2.456670e-06	-3.020310e-06	4.259966e-06	0.000000e+00	0.000000e+00	0.000000e+00	9.982000e+02	3.711719e+04	-7.553517e-01	-9.963915e-01	-2.708383e-01	-1.533579e-04	-3.856226e-05	4.793915e-05	-6.702679e-05	
3	1	8	8	-1.818912e-01	-2.138028e-02	-7.726697e-02	8.322459e-07	-1.029005e-06	1.450884e-06	0.000000e+00	0.000000e+00	0.000000e+00	9.982000e+02	3.884204e+04	-1.578520e-01	-9.671801e-01	-5.954039e-01	-1.088155e-04	-1.421800e-05	1.787731e-05	-2.475237e-05	
